lon, lat
-74.0064, 40.7142
-74.0064, 40.7142
-74.0064, 40.7142
-80.2241, 25.7877
-80.2241, 25.7877
-80.2241, 25.7877
-80.2241, 25.7877
-80.2241, 25.7877
-80.2241, 25.7877
-118.243, 34.0522
-118.243, 34.0522
-118.243, 34.0522
2.35889932, 48.85779001
2.35388889, 48.86972222
2.35388889, 48.86972222
2.35388889, 48.86972222
2.35394061, 48.87026512
2.35394061, 48.87026512
2.35394061, 48.87026512
2.35394061, 48.87026512
2.35394061, 48.87026512
2.35394061, 48.87026512
2.35394061, 48.87026512
8.56111324, 47.45155521
8.56111324, 47.45155521
8.56111324, 47.45155521
8.56188711, 47.45097505
8.56111324, 47.45155521
8.56111324, 47.45155521
2.33630969, 48.86181344
2.33630969, 48.86181344
2.33630969, 48.86181344
2.33630969, 48.86181344
2.33630969, 48.86181344
2.33630969, 48.86181344
2.33630969, 48.86181344
2.33630969, 48.86181344
2.33630969, 48.86181344
2.33630969, 48.86181344
2.33630969, 48.86181344
2.33630969, 48.86181344
2.33630969, 48.86181344
2.33630969, 48.86181344
2.33630969, 48.86181344
2.33630969, 48.86181344
2.33630969, 48.86181344
2.33630969, 48.86181344
2.33630969, 48.86181344
2.33630969, 48.86181344
2.33630969, 48.86181344
2.33630969, 48.86181344
2.33630969, 48.86181344
2.35104367, 48.75353491
2.29706, 48.8646317
2.29706, 48.8646317
2.29706, 48.8646317
2.29706, 48.8646317
2.29706, 48.8646317
2.29706, 48.8646317
2.29706, 48.8646317
2.29706, 48.8646317
2.29706, 48.8646317
2.29706, 48.8646317
2.29706, 48.8646317
-118.243, 34.0522
-118.243, 34.0522
-118.243, 34.0522
-118.25690928, 34.03604423
-118.25690928, 34.03604423
-118.25690928, 34.03604423
-118.25690928, 34.03604423
-118.25690928, 34.03604423
-118.25690928, 34.03604423
-118.25690928, 34.03604423
-118.25690928, 34.03604423
-118.25690928, 34.03604423
-118.243, 34.0522
-118.243, 34.0522
-118.243, 34.0522
-118.459, 33.9908
-118.459, 33.9908
-118.459, 33.9908
-118.243, 34.0522
-118.243, 34.0522
-118.243, 34.0522
-118.243, 34.0522
-118.243, 34.0522
-118.243, 34.0522
-118.25082365, 34.04429377
-118.25082365, 34.04429377
-118.238, 34.057
-118.243, 34.0522
-118.243, 34.0522
8.56073009, 47.45225445
8.55840626, 47.45349126
8.52660716, 47.37617789
8.4, 47.0333
8.4, 47.0333
-73.78901911, 40.64102189
-73.9332504, 40.7040901
-73.9010009, 40.711028
-73.9226379, 40.7069969
-73.9659242, 40.7197188
-74.00618547, 40.74426279
-74.00338743, 40.74997032
-73.99903665, 40.72490831
-73.9916, 40.7145805
-58.39348461, -34.59211003
-73.897049, 40.7059898
-118.40357167, 34.0698805
-118.40617136, 34.14384681
-118.40617136, 34.14384681
-118.40617136, 34.14384681
-118.37097332, 34.09596244
-118.4024113, 34.06889097
-118.49676735, 34.01017307
-118.350132, 34.098142
-118.4682528, 34.15442469
-118.49676735, 34.01017307
-118.25081793, 34.04428769
-118.34173667, 34.103625
-118.243, 34.0522
-118.243, 34.0522
-118.243, 34.0522
-118.47206469, 33.9851725
-118.26377167, 34.0386305
-118.243, 34.0522
-118.243, 34.0522
-118.243, 34.0522
-118.26377167, 34.0386305
-118.459, 33.9908
-118.459, 33.9908
-118.459, 33.9908
-118.47206469, 33.9851725
-118.47206469, 33.9851725
-118.243, 34.0522
-118.243, 34.0522
-118.23183437, 34.03749982
-118.238, 34.057
-118.47206469, 33.9851725
-118.47206469, 33.9851725
-118.327067, 34.127909
-118.301416, 34.062481
-118.301416, 34.062481
-118.301416, 34.062481
-118.301416, 34.062481
-118.301416, 34.062481
-118.378, 34.1722
-118.33123197, 34.10107299
-118.359833, 34.049897
8.56080831, 47.45217028
8.52692698, 47.37821249
8.54328823, 47.37555434
8.53627607, 47.36670185
7.61027778, 47.52833333
8.52870636, 47.37845891
9.20528589, 45.48663801
9.19582573, 45.47064658
9.19782822, 45.46313651
8.5369562, 47.37361129
8.51356333, 47.388595
8.5369562, 47.37361129
8.5369562, 47.37361129
8.54022773, 47.37791063
7.60977514, 47.5335294
7.44393004, 46.94739565
8.52698778, 47.37833861
6.97738862, 50.94396784
6.9667, 50.95
