lon, lat
2.3925613, 48.8139456
2.3927762, 48.8141399
2.2986379, 48.8794111
2.2986537, 48.8794083
2.2986259, 48.8794305
2.298619, 48.8794461
2.2986646, 48.8794424
2.2986568, 48.8794097
2.2986475, 48.8794238
2.298654, 48.879423
2.2986583, 48.8794202
2.2986471, 48.8794222
2.2986242, 48.8794445
2.2986242, 48.8794445
2.2986242, 48.8794445
2.2987037, 48.8793514
2.2986244, 48.8794253
2.2986266, 48.8794275
2.2984924, 48.8794677
2.39297186, 48.8141272
2.3927509, 48.8139709
2.3927509, 48.8139709
2.3927509, 48.8139709
2.3926125, 48.8139228
2.402039, 48.8145256
2.40204371, 48.81457493
2.40210124, 48.81457558
2.2985981, 48.8794729
2.2984895, 48.87945
2.2987319, 48.8793666
2.2986714, 48.8794847
2.2985561, 48.8794636
2.2987035, 48.8794827
2.2986891, 48.8794602
2.2984903, 48.8794771
2.2986327, 48.8794956
2.2987191, 48.8794749
2.2987512, 48.8794828
2.3043251, 48.856699
2.2987039, 48.8794521
2.2987287, 48.8795221
57.6068413, -19.9878437
2.37535899, 48.8386955
2.2987359, 48.8794495
2.2987113, 48.8794161
2.2986742, 48.8794096
2.2987005, 48.8793696
2.3929089, 48.8140475
2.2986185, 48.8793887
2.2986257, 48.879408
2.2986321, 48.8794119
2.2986321, 48.8794119
2.2986321, 48.8794119
2.2986221, 48.8794093
2.2986323, 48.8793987
2.2986323, 48.8793987
2.27554982, 48.87084444
2.298635, 48.879424
2.3936887, 48.814511
2.2986845, 48.8793442
2.2986449, 48.8793755
2.2986699, 48.8793585
2.2986346, 48.879376
2.307481, 48.8697842
2.298608, 48.8793604
2.2986047, 48.8794329
2.2949164, 48.878992
2.2948128, 48.8788064
2.2986249, 48.8794105
2.2986297, 48.879407
2.2986207, 48.8793665
2.2986215, 48.8793853
2.2986536, 48.8793805
2.2986536, 48.8793805
2.2986087, 48.8794344
2.2987145, 48.8793133
2.2985672, 48.8794236
2.298614, 48.8793549
