lon, lat
4.837976, 45.754289
2.34392881, 48.85365036
2.32214075, 48.84197366
3.7, 46.3167
4.85990736, 45.76063092
3.15312143, 42.36272918
2.28856863, 48.85510977
2.2939882, 48.85800323
4.80662372, 43.95049055
2.29811714, 48.8590256
2.2939882, 48.85800323
2.2939882, 48.85800323
4.81839216, 45.73295456
1.4438131, 43.60451393
1.4438131, 43.60451393
2.3208555, 48.8881416
4.8562646, 45.7691219
4.8666793, 45.7712304
4.8636782, 45.7706572
2.3209533, 48.8881377
4.8665453, 45.7711341
4.827033, 46.3031564
4.8283005, 45.7477116
4.8367256, 45.745805
4.8669637, 45.7713095
4.8672141, 45.7714433
4.8669214, 45.771457
4.8475224, 45.7613423
