lon, lat
18.38375833, 59.32437222
18.06258215, 59.31859906
18.06370577, 59.31793322
18.0667, 59.35
17.96666667, 59.29111111
18.06305556, 59.31666667
18.01593971, 59.27854635
18.06554619, 59.31764282
18.06554619, 59.31764282
18.07928535, 59.33684497
18.07134247, 59.32649319
18.06472222, 59.33194444
18.0709496, 59.3301582
18.0791092, 59.3273087
18.0667, 59.35
18.0688, 59.3231316
18.0667, 59.35
18.0667, 59.35
18.06258215, 59.31859906
18.0670605, 59.3094711
20.97600178, 52.17975212
20.9791486, 52.1801197
21.01252652, 52.22250019
21.01252652, 52.22250019
21.01252652, 52.22250019
20.99373603, 52.24934628
21.0, 52.25
21.00341962, 52.22906804
21.0, 52.25
21.0122, 52.2498
21.24717562, 52.04226336
21.24717562, 52.04226336
21.02472222, 52.23166667
21.02472222, 52.23166667
21.00638889, 52.23166667
21.0024109, 52.2330017
21.0150341, 52.2394481
21.0150341, 52.2394481
18.05774372, 59.33024556
18.0625, 59.31805556
18.0791092, 59.3273087
18.06554619, 59.31764282
18.06370577, 59.31793322
18.0812844, 59.3247591
18.07495941, 59.32169373
18.0743141, 59.3127251
18.06554619, 59.31764282
18.0634308, 59.3173904
18.0625992, 59.316021
18.0625, 59.31805556
18.06370577, 59.31793322
18.0642605, 59.3156891
18.06554619, 59.31764282
18.06370577, 59.31793322
18.0673695, 59.3180504
18.06554619, 59.31764282
18.08312719, 59.31261671
18.06370577, 59.31793322
18.06554619, 59.31764282
18.06554619, 59.31764282
-14.230407, 28.15262283
18.08329113, 59.31243237
18.06554619, 59.31764282
18.06258215, 59.31859906
18.0713596, 59.3140488
18.06370577, 59.31793322
2.30748867, 48.88078713
18.06554619, 59.31764282
18.06554619, 59.31764282
18.0729809, 59.3194809
18.0952892, 59.430439
18.0710602, 59.3459702
18.06370577, 59.31793322
18.06554619, 59.31764282
18.06370577, 59.31793322
18.06554619, 59.31764282
4.88877805, 52.35755044
4.88877805, 52.35755044
4.88877805, 52.35755044
4.88877805, 52.35755044
4.88877805, 52.35755044
4.8876618, 52.35699431
4.8907, 52.3702
4.89329, 52.3639793
4.8899336, 52.3551064
5.62867261, 52.08436066
5.62867261, 52.08436066
5.64627832, 52.10083001
4.9007523, 52.3791523
4.88958819, 52.35487513
4.87978096, 52.35788301
4.885278, 52.36
4.885278, 52.36
4.885278, 52.36
24.91464362, 60.19026041
4.88851742, 52.35541353
4.88851742, 52.35541353
4.88851742, 52.35541353
18.01091685, 59.30357834
18.0542793, 59.3446617
18.0764103, 59.3106194
18.07870853, 59.31629307
18.0727901, 59.3258781
18.0727901, 59.3258781
18.07088162, 59.32512067
24.92388889, 60.17916667
18.07088162, 59.32512067
18.06554619, 59.31764282
18.07369946, 59.308629
18.07369946, 59.308629
18.06586948, 59.31859363
18.06554619, 59.31764282
30.32861111, 59.94
18.0813694, 59.3334503
18.06683853, 59.31665121
18.14665714, 59.32318492
17.9709892, 59.2827988
18.0791092, 59.3273087
18.0812844, 59.3247591
18.06258215, 59.31859906
18.06370577, 59.31793322
18.0667, 59.35
18.0236206, 59.3346291
18.07092283, 59.33158675
18.0673695, 59.3180504
18.09547609, 59.3332115
18.06472222, 59.33194444
18.06472222, 59.33194444
18.0590897, 59.3321114
2.54166164, 49.01478417
2.37747151, 48.86779647
2.36418438, 48.86746503
2.35501, 48.8583908
2.30197222, 48.87758333
2.31264272, 48.87894422
2.32602851, 48.86025591
2.35528, 48.85611
2.35528, 48.85611
2.35528, 48.85611
2.33849, 48.8689919
2.33579458, 48.86605025
2.3138199, 48.8659286
2.3138199, 48.8659286
2.3138199, 48.8659286
2.30136233, 48.87408972
18.06472222, 59.33194444
18.06676289, 59.34702629
18.06554619, 59.31764282
18.06554619, 59.31764282
24.92443417, 60.17698108
18.0625, 59.31805556
30.27084916, 59.79967832
30.27084916, 59.79967832
30.3167, 59.95
30.3167, 59.95
30.34130744, 59.94310989
30.31898197, 59.93785177
30.31374121, 59.94013787
30.31898197, 59.93785177
30.32272887, 59.93340328
-73.7956, 18.5411
30.32264998, 59.93402137
30.32487598, 59.9545187
30.31374121, 59.94013787
30.31374121, 59.94013787
30.31374121, 59.94013787
30.31374121, 59.94013787
30.32824157, 59.93877828
30.3209, 59.9411011
30.32861111, 59.94
26.9102614, 60.89410085
26.9102614, 60.89410085
18.0670605, 59.3094711
18.0670605, 59.3094711
18.06554619, 59.31764282
18.0688, 59.3231316
18.0624008, 59.3201599
18.06554619, 59.31764282
18.06554619, 59.31764282
18.0667, 59.35
18.06554619, 59.31764282
-73.95, 40.65
18.0432765, 59.34483771
18.0667, 59.35
18.0667, 59.35
18.0667, 59.35
18.0599804, 59.3354301
18.0812844, 59.3247591
18.03874262, 59.34657942
18.0728703, 59.3370895
18.0681, 59.3380585
12.53506015, 55.7636744
12.53506015, 55.7636744
17.93160255, 59.65134658
18.0813694, 59.3334503
18.06554619, 59.31764282
18.06554619, 59.31764282
18.0557308, 59.3360481
18.0557308, 59.3360481
18.08708057, 59.32462592
11.95929261, 57.7058468
11.97140622, 57.69850605
11.9730997, 57.6998901
11.97046444, 57.70840484
11.96972222, 57.70444444
18.06258215, 59.31859906
18.06370577, 59.31793322
18.06439729, 59.33199772
18.06586948, 59.31859363
18.06554619, 59.31764282
18.06554619, 59.31764282
18.1021595, 59.3326302
18.06370577, 59.31793322
18.10321747, 59.33295909
18.06554619, 59.31764282
18.07183967, 59.32585132
18.07183967, 59.32585132
18.06258215, 59.31859906
18.06370577, 59.31793322
18.07134247, 59.32649319
18.0643406, 59.3334694
18.06370577, 59.31793322
18.0625, 59.31805556
18.03042816, 59.33466308
18.0710602, 59.3459702
18.06554619, 59.31764282
18.06370577, 59.31793322
18.359464, 59.40300155
18.359464, 59.40300155
18.07573304, 59.32148354
18.0737, 59.3326988
18.0737, 59.3326988
18.0737, 59.3326988
18.0737, 59.3326988
18.0737, 59.3326988
18.08708057, 59.32462592
13.42583312, 52.49869843
13.35055556, 52.50861111
13.4251099, 52.54916
13.4251099, 52.54916
13.39678, 52.52668
13.39480556, 52.527
13.4052401, 52.5275497
13.3988104, 52.5296516
13.4310303, 52.5023499
14.50194444, 63.19416667
18.09782724, 59.31051922
18.056, 59.33
18.0740509, 59.3252792
18.0740509, 59.3252792
18.0643806, 59.3199883
18.0737495, 59.3231201
18.09858146, 59.32685043
18.06258215, 59.31859906
18.06554619, 59.31764282
18.06370577, 59.31793322
18.05830971, 59.31841228
18.05305556, 59.32055556
18.38330021, 59.32449992
18.38375833, 59.32437222
18.06956601, 59.31989864
18.06370577, 59.31793322
18.0729809, 59.3194809
18.07625016, 59.33050178
18.056, 59.33
17.48714071, 59.66304618
18.0720142, 59.30970042
18.06370577, 59.31793322
18.0627098, 59.3168793
18.0639095, 59.3164101
18.06554619, 59.31764282
18.06554619, 59.31764282
18.06554619, 59.31764282
18.06370577, 59.31793322
17.97055556, 59.36083333
17.9038039, 59.39404261
18.08432808, 59.32607852
18.08432808, 59.32607852
18.08432808, 59.32607852
18.08432808, 59.32607852
18.08465, 59.3179893
18.0745506, 59.3330688
18.0468597, 59.3420181
18.06370577, 59.31793322
18.03866, 59.3463783
18.0623798, 59.337101
18.0623798, 59.337101
18.06593283, 59.32929804
18.06487955, 59.32817723
18.09098839, 59.33609019
18.06487955, 59.32817723
18.0673695, 59.3180504
13.41186778, 52.52145157
13.4305296, 52.5023499
13.4305296, 52.5023499
13.35786523, 52.50452755
13.4486758, 52.50804631
13.31328436, 52.50081054
13.4005499, 52.5258484
13.3840704, 52.5234413
13.3840704, 52.5234413
13.39649258, 52.52065201
13.3984499, 52.5207291
13.37513898, 52.5088024
13.3818998, 52.507
13.3936501, 52.5213013
13.3936501, 52.5213013
13.3675203, 52.5085983
17.93160255, 59.65134658
18.06370577, 59.31793322
18.06472222, 59.33194444
18.06432906, 59.32861934
18.0812844, 59.3247591
17.9709892, 59.2827988
18.06370577, 59.31793322
18.06554619, 59.31764282
18.06370577, 59.31793322
18.0673695, 59.3180504
18.06439729, 59.33199772
18.0541801, 59.3148499
18.06439729, 59.33199772
18.06370577, 59.31793322
18.11305556, 59.32
18.07625016, 59.33050178
24.9160194, 60.1835785
24.8519592, 60.18396
18.06370577, 59.31793322
12.2950587, 57.66830154
11.9730997, 57.6998901
11.94973032, 57.69866033
11.98, 57.69694444
11.9021502, 57.6891708
12.64688878, 55.62833984
23.4382801, 59.9740906
23.4382801, 59.9740906
24.9409199, 60.1675415
24.9520206, 60.1866302
18.0741501, 59.3368912
18.0741501, 59.3368912
18.0619793, 59.3185196
18.06370577, 59.31793322
18.0625, 59.31805556
18.0673695, 59.3180504
18.06370577, 59.31793322
17.9167, 59.3167
17.91171378, 59.33186158
17.94864715, 59.34005082
16.19637757, 59.70639886
16.00848305, 59.96792705
18.06370577, 59.31793322
18.0812844, 59.3247591
18.07573242, 59.32148299
18.06370577, 59.31793322
18.07573588, 59.32898983
18.0645695, 59.3178787
18.0673695, 59.3180504
18.0827198, 59.3122101
18.08373348, 59.31275543
18.07546654, 59.32946938
18.0639496, 59.3289604
18.06287774, 59.33712374
18.1487503, 59.3222885
18.1487503, 59.3222885
18.06258661, 59.31859693
18.0644093, 59.3286705
18.08465, 59.3179893
18.0644093, 59.3286705
17.63549205, 59.85885502
17.62184831, 59.70441173
18.05595013, 59.31809345
18.01508622, 59.32092411
18.03432215, 59.32740791
18.01508622, 59.32092411
18.01508622, 59.32092411
18.01508622, 59.32092411
18.0642605, 59.3156891
17.87852463, 60.40785903
17.87852463, 60.40785903
17.87913168, 60.40888355
18.15433872, 60.3695612
18.15433872, 60.3695612
18.15433872, 60.3695612
17.8995, 60.19357
17.8995, 60.19357
17.8597989, 60.20433304
17.70170711, 60.19979132
18.05782521, 59.33051112
18.12183452, 59.35904352
18.0827198, 59.3122101
18.0835686, 59.3094482
22.26166667, 60.51472222
22.1413731, 60.41158526
22.1413731, 60.41158526
22.1413731, 60.41158526
22.1413731, 60.41158526
22.1413731, 60.41158526
22.1413731, 60.41158526
22.1413731, 60.41158526
22.1413731, 60.41158526
22.1413731, 60.41158526
22.1413731, 60.41158526
22.1413731, 60.41158526
22.1413731, 60.41158526
22.22100273, 60.43388915
18.0962845, 59.31576242
18.07518659, 59.31856113
18.06554619, 59.31764282
18.06791137, 59.31963755
22.5272684, 63.5225864
22.5667, 63.5667
22.36550226, 60.33738198
22.1413731, 60.41158526
22.1413731, 60.41158526
22.30369168, 60.30153464
