lon, lat
2.25421388, 48.84113296
2.25292165, 48.84145382
2.25292165, 48.84145382
2.25292165, 48.84145382
-17.39833333, 14.66694444
2.33719264, 48.84889235
2.27171364, 48.83937093
2.3508, 48.8567
2.3508, 48.8567
2.32747575, 48.87392569
2.27171364, 48.83937093
2.3283701, 48.8650589
2.2535367, 48.84113287
2.29811714, 48.8590256
2.3508, 48.8567
2.3785, 48.83865278
2.37919344, 48.83875005
2.3785, 48.83865278
2.3785, 48.83865278
2.37892135, 48.88867254
2.31811128, 48.86147212
2.29916409, 48.88312263
2.39095, 48.86114
2.43035031, 48.94345262
2.33719264, 48.84889235
2.4337399, 48.9413414
2.4337399, 48.9413414
2.39095, 48.86114
2.25380283, 48.84102695
2.30348902, 48.8713351
2.35083333, 48.85666667
2.363386, 48.874892
2.363386, 48.874892
2.3708701, 48.863121
2.3708701, 48.863121
2.3708701, 48.863121
2.3708701, 48.863121
2.3708701, 48.863121
2.36418438, 48.86746503
2.3508, 48.8567
2.3708701, 48.863121
2.3508, 48.8567
2.3508, 48.8567
2.3508, 48.8567
2.318605, 48.861899
2.3777599, 48.8392181
2.3785, 48.83865278
2.3019199, 48.8835716
2.318605, 48.861899
2.3508, 48.8567
