lon, lat
4.79705731, 43.96408617
4.79705731, 43.96408617
4.8, 43.9667
4.66165917, 43.95798315
4.8, 43.9667
4.67806409, 44.16105423
4.67806409, 44.16105423
-74.0064, 40.7142
4.8, 43.9667
4.74262454, 43.90094356
6.12730625, 43.82807491
4.7971933, 43.96399321
4.72753756, 43.85842255
4.72753756, 43.85842255
4.72764722, 43.858275
4.72764722, 43.858275
4.79705731, 43.96408617
4.8, 43.9667
4.8, 43.9667
4.8039999, 43.9477806
2.1802599, 41.3781204
2.1947401, 41.3860397
2.16361111, 41.39277778
6.86744824, 45.92556011
6.86744824, 45.92556011
6.86744824, 45.92556011
6.8751302, 45.9224815
6.8751302, 45.9224815
6.8751302, 45.9224815
6.86744824, 45.92556011
6.86744824, 45.92556011
6.8751302, 45.9224815
6.8751302, 45.9224815
6.86744824, 45.92556011
6.86744824, 45.92556011
6.71160448, 45.89313486
6.94323358, 45.96835793
6.96029438, 45.948011
6.94323358, 45.96835793
6.86964378, 45.92350687
6.94323358, 45.96835793
4.79705731, 43.96408617
4.79705731, 43.96408617
6.86974, 45.9252014
6.86974, 45.9252014
6.86974, 45.9252014
4.82085947, 43.94276949
4.7971933, 43.96399321
101.7375, 2.76055556
101.7375, 2.76055556
101.7375, 2.76055556
101.7375, 2.76055556
5.73481154, 45.15525609
5.73481154, 45.15525609
5.73481154, 45.15525609
5.73481154, 45.15525609
5.73481154, 45.15525609
5.73481154, 45.15525609
5.73481154, 45.15525609
5.73481154, 45.15525609
5.73481154, 45.15525609
5.73481154, 45.15525609
5.73481154, 45.15525609
5.73481154, 45.15525609
5.73481154, 45.15525609
5.73481154, 45.15525609
5.73481154, 45.15525609
5.73481154, 45.15525609
5.73481154, 45.15525609
5.73481154, 45.15525609
5.73481154, 45.15525609
5.73481154, 45.15525609
5.73481154, 45.15525609
5.73481154, 45.15525609
5.73481154, 45.15525609
5.73481154, 45.15525609
5.73481154, 45.15525609
5.73481154, 45.15525609
5.73481154, 45.15525609
5.73481154, 45.15525609
5.73481154, 45.15525609
5.73481154, 45.15525609
5.73481154, 45.15525609
5.73481154, 45.15525609
5.73481154, 45.15525609
5.73481154, 45.15525609
5.73481154, 45.15525609
5.73481154, 45.15525609
5.73481154, 45.15525609
5.73481154, 45.15525609
5.73481154, 45.15525609
5.73481154, 45.15525609
5.73481154, 45.15525609
5.73481154, 45.15525609
5.73481154, 45.15525609
5.73481154, 45.15525609
5.73481154, 45.15525609
5.73481154, 45.15525609
5.73481154, 45.15525609
5.73481154, 45.15525609
5.73481154, 45.15525609
-113.987875, 47.42862
6.63875923, 43.27092916
0.19888889, 48.00916667
4.8, 43.9667
4.79705731, 43.96408617
4.79705731, 43.96408617
4.77555791, 43.95811492
4.77555791, 43.95811492
4.79705731, 43.96408617
4.79705731, 43.96408617
4.68333, 43.9667
2.3508, 48.8567
2.3508, 48.8567
2.3508, 48.8567
50.51037645, 26.03252126
50.51037645, 26.03252126
50.51037645, 26.03252126
50.51037645, 26.03252126
50.51037645, 26.03252126
50.51037645, 26.03252126
50.51037645, 26.03252126
50.51037645, 26.03252126
50.51037645, 26.03252126
50.51037645, 26.03252126
50.51037645, 26.03252126
50.51037645, 26.03252126
50.51037645, 26.03252126
50.51037645, 26.03252126
4.8, 43.9667
5.37, 43.2964
50.51037645, 26.03252126
2.3508, 48.8567
2.3508, 48.8567
2.3508, 48.8567
2.3508, 48.8567
2.3508, 48.8567
2.3508, 48.8567
4.81249409, 43.93735683
4.8, 43.9667
2.3508, 48.8567
-46.70658074, -23.6295238
4.83919, 43.9286995
4.83919, 43.9286995
4.83919, 43.9286995
4.83919, 43.9286995
4.8, 43.9667
4.8, 43.9667
4.8, 43.9667
121.21972222, 31.33888889
121.21972222, 31.33888889
121.21972222, 31.33888889
121.21972222, 31.33888889
121.21972222, 31.33888889
121.21972222, 31.33888889
121.21972222, 31.33888889
121.21972222, 31.33888889
114.1774979, 22.2985706
114.1596646, 22.28435611
2.57685185, 49.00343668
2.57685185, 49.00343668
2.57685185, 49.00343668
2.54660524, 49.00951054
6.65828522, 43.2537158
5.79283585, 43.2508398
5.79283585, 43.2508398
5.79283585, 43.2508398
5.79283585, 43.2508398
5.79283585, 43.2508398
5.79283585, 43.2508398
6.63977843, 43.26985814
5.79283585, 43.2508398
5.79283585, 43.2508398
6.65828522, 43.2537158
6.65828522, 43.2537158
6.65828522, 43.2537158
6.65828522, 43.2537158
6.65828522, 43.2537158
6.65828522, 43.2537158
6.65828522, 43.2537158
6.65828522, 43.2537158
4.77232854, 43.95920541
4.8039999, 43.9477806
4.8039999, 43.9477806
4.8, 43.9667
4.8039999, 43.9477806
4.8039999, 43.9477806
4.8039999, 43.9477806
10.49444535, 43.83217256
10.49444535, 43.83217256
10.49444535, 43.83217256
2.17156735, 41.38996897
-3.58440064, 40.61575059
-3.68333, 40.4
-3.68333, 40.4
-3.58440064, 40.61575059
-3.58440064, 40.61575059
-3.58440064, 40.61575059
-3.58440064, 40.61575059
-3.58440064, 40.61575059
-3.58440064, 40.61575059
-3.58440064, 40.61575059
-3.58440064, 40.61575059
-3.58440064, 40.61575059
-3.5837446, 40.61290422
-122.331, 47.6064
2.701528, 42.199361
3.07753801, 50.63215505
-74.0064, 40.7142
4.83919, 43.9286995
3.0637693, 50.6384932
3.06667, 50.6333
3.06667, 50.6333
3.07753801, 50.63215505
3.07753801, 50.63215505
3.07753801, 50.63215505
3.07753801, 50.63215505
3.07753801, 50.63215505
3.07753801, 50.63215505
3.07753801, 50.63215505
3.07753801, 50.63215505
3.07753801, 50.63215505
3.07753801, 50.63215505
3.07753801, 50.63215505
3.07753801, 50.63215505
3.070988, 50.630642
3.068722, 50.629664
3.0682499, 50.6313782
3.0682499, 50.6313782
3.0682499, 50.6313782
3.06667, 50.6333
3.0650974, 50.63757745
3.07753801, 50.63215505
3.07753801, 50.63215505
3.06383158, 50.6363851
12.54565909, 55.69312169
3.07753801, 50.63215505
3.07157365, 50.63635453
3.07157365, 50.63635453
3.0637693, 50.6384932
3.06264, 50.6385612
3.06264, 50.6385612
2.3711639, 48.84564803
4.34111111, 50.89472222
4.34111111, 50.89472222
4.8, 43.9667
4.8, 43.9667
4.68333, 43.8833
4.68333, 43.8833
4.68333, 43.8833
4.82085947, 43.94276949
138.73111111, 35.35805556
4.5355, 43.9473
2.3508, 48.8567
5.79283585, 43.2508398
4.82085947, 43.94276949
4.8069201, 43.9512901
4.8069201, 43.9512901
4.8069201, 43.9512901
4.8069201, 43.9512901
4.8069201, 43.9512901
4.8069201, 43.9512901
4.8069201, 43.9512901
4.8069201, 43.9512901
4.8069201, 43.9512901
4.80656643, 43.95023406
4.80656643, 43.95023406
4.7963901, 43.965229
4.8, 43.9667
4.7963901, 43.965229
4.7963901, 43.965229
4.7963901, 43.965229
4.7963901, 43.965229
4.78595917, 43.92184822
4.7964618, 43.9650398
4.7964618, 43.9650398
4.7964618, 43.9650398
4.7964618, 43.9650398
4.7964618, 43.9650398
4.7964618, 43.9650398
4.7964618, 43.9650398
4.7964618, 43.9650398
4.79757, 43.95856
4.79757, 43.95856
4.8, 43.9667
4.8, 43.9667
4.8, 43.9667
4.8, 43.9667
4.8, 43.9667
4.80083333, 43.96583333
4.79699913, 43.96210549
4.8, 43.9667
4.8, 43.9667
3.95060461, 43.57371011
3.9473701, 43.5740318
3.9473701, 43.5740318
3.9473701, 43.5740318
3.9473701, 43.5740318
4.66176909, 43.95778659
4.77457619, 43.957473
4.8, 43.9667
4.8, 43.9667
4.77457619, 43.957473
6.70394617, 50.37086179
6.70394617, 50.37086179
6.70394617, 50.37086179
6.70394617, 50.37086179
6.70394617, 50.37086179
6.70394617, 50.37086179
6.70394617, 50.37086179
6.70394617, 50.37086179
4.77457619, 43.957473
4.7968602, 43.9634209
3.16829882, 42.10981832
3.16829882, 42.10981832
3.16829882, 42.10981832
