lon, lat
-73.98844299, 40.77399457
-73.98844299, 40.77399457
-73.98844299, 40.77399457
-115.17671992, 36.11594888
-115.17432292, 36.1305177
-115.1720963, 36.1119308
-115.1720963, 36.1119308
-115.1720963, 36.1119308
-115.1720963, 36.1119308
-115.1720963, 36.1119308
-115.1720963, 36.1119308
-115.1720963, 36.1119308
-115.1720963, 36.1119308
-74.17938709, 40.68968494
4.35600936, 50.84579135
2.35523701, 48.88077585
2.33708382, 48.86064928
2.3408501, 48.8604813
2.34060287, 48.86035282
2.3417399, 48.8446083
2.32436944, 48.85101944
2.324274, 48.850915
2.30294965, 48.85696019
2.3022299, 48.8583412
2.3022299, 48.8583412
2.2939882, 48.85800323
2.12394516, 48.80401067
2.2939882, 48.85800323
2.2939882, 48.85800323
2.33232222, 48.83400833
2.33232222, 48.83400833
2.33042377, 48.83943472
2.33232222, 48.83400833
2.2939882, 48.85800323
2.30031489, 48.85534419
2.30031489, 48.85534419
-3.67014488, 40.44065213
8.55809212, 47.45358356
-73.78452301, 40.64508936
-73.98745641, 40.77793896
-73.98745641, 40.77793896
-74.0019379, 40.732399
-74.0019379, 40.732399
-73.99992406, 40.7331301
-73.981317, 40.755328
-74.00725216, 40.72832108
-73.9971848, 40.724678
-73.99306052, 40.74770846
-73.99761711, 40.72585747
-73.92658135, 40.8292643
-74.0064, 40.7142
-73.99500343, 40.77008759
-73.99500343, 40.77008759
-73.987, 40.777
-73.98978562, 40.75138902
-73.97948742, 40.75850534
-73.97584322, 40.76014495
-73.92650843, 40.82957637
-73.98433685, 40.76078079
-73.98246058, 40.77284339
-73.99247516, 40.74770678
-73.99478674, 40.71981075
-73.97599224, 40.75989362
-73.98748426, 40.77798239
-73.98121518, 40.72475729
-73.96538187, 40.78197014
-73.97530669, 40.76892437
-74.0019379, 40.732399
-74.00140462, 40.73202638
-74.00291387, 40.73425442
-73.98172023, 40.77484259
-73.987, 40.777
-73.987, 40.777
-95.33660388, 29.98666246
-95.1937, 30.0506
-73.87122, 40.773839
-73.98191214, 40.77151499
-73.987, 40.777
-73.99188156, 40.74667434
-73.987, 40.777
-73.97530669, 40.76892437
-73.98433685, 40.76078079
-73.97709202, 40.769832
-73.985457, 40.758328
-74.00712018, 40.710205
-74.01328325, 40.71146733
-73.98555971, 40.76448813
-73.97855032, 40.78607102
-73.97828579, 40.7858706
-74.008758, 40.752294
-73.86155605, 41.09684995
-73.97717535, 40.75280621
-74.00416667, 40.74527778
-73.987, 40.777
-73.98877929, 40.75681002
-73.98905285, 40.75703458
-73.988765, 40.756965
-73.98905285, 40.75703458
-73.999701, 40.734568
-74.01258841, 40.71180511
-73.984, 40.73361111
-73.992284, 40.718105
-73.98168732, 40.75301926
-73.94738636, 40.77970905
-73.94738636, 40.77970905
-73.9870888, 40.72536432
-73.98304024, 40.72740466
-73.99842456, 40.72402196
-73.99834019, 40.72400949
-73.99440341, 40.74438763
-73.99440341, 40.74438763
-74.00473773, 40.72867347
-73.987, 40.777
-73.99292765, 40.74709369
-73.99292765, 40.74709369
-73.987, 40.777
-95.1843, 30.0492
-95.185768, 30.048094
-73.87122, 40.773839
-73.98623118, 40.72243155
-73.990608, 40.749847
-73.97933416, 40.76519963
-73.97409045, 40.76422987
-73.982, 40.774
-73.982, 40.774
-73.9691, 40.7683
-73.99358276, 40.74489663
-73.99308922, 40.73652257
-73.98713794, 40.77817777
-73.98247206, 40.76906489
-74.00769976, 40.72849353
-74.00051975, 40.735582
-73.9834305, 40.76700805
-73.98753394, 40.76532561
-73.9672, 41.5536
-73.98589965, 40.7769364
-73.98589965, 40.7769364
-73.98589965, 40.7769364
-73.98589965, 40.7769364
-73.987, 40.777
-73.987, 40.777
-73.987, 40.777
-73.987, 40.777
-73.99451705, 40.74461562
-73.98247206, 40.76906489
-73.98589965, 40.7769364
-73.98567796, 40.74980915
-74.00814162, 40.71504345
-73.99918377, 40.72819623
-73.98589965, 40.7769364
-73.98589965, 40.7769364
-73.98589965, 40.7769364
-73.99427453, 40.74505338
-73.98433685, 40.76078079
-73.98726994, 40.75875933
-73.97144604, 40.77280623
-73.987, 40.777
-73.98202441, 40.77489883
-74.008903, 40.709734
-73.98500377, 40.76237486
-73.987, 40.777
-73.98202441, 40.77489883
-73.982196, 40.775994
-73.97855791, 40.77735584
-73.987, 40.777
-73.98914047, 40.75845678
-74.01343903, 40.70523447
-74.01342273, 40.70556694
-73.98313522, 40.76500642
-73.97652626, 40.75850534
-73.99059857, 40.70116291
-73.99333599, 40.70250515
-73.97644043, 40.76377126
-73.98555971, 40.76448813
-73.9840204, 40.76391029
-73.9778, 40.7723
-73.99114966, 40.75599819
-73.97870958, 40.7642954
-73.98762302, 40.75036954
-73.98762302, 40.75036954
-73.98762302, 40.75036954
-73.98762302, 40.75036954
-73.98762302, 40.75036954
-73.98762302, 40.75036954
