lon, lat
2.3508, 48.8567
2.36418438, 48.86746503
2.32172938, 48.86562942
2.3508, 48.8567
2.32143, 48.8683701
2.32143, 48.8683701
2.3508, 48.8567
2.3508, 48.8567
2.3508, 48.8567
2.3508, 48.8567
2.3508, 48.8567
2.3508, 48.8567
2.3508, 48.8567
2.3508, 48.8567
2.3508, 48.8567
2.3508, 48.8567
2.36418438, 48.86746503
2.36418438, 48.86746503
2.33261, 48.8709599
2.3508, 48.8567
2.3508, 48.8567
2.3508, 48.8567
2.3508, 48.8567
2.3508, 48.8567
2.3508, 48.8567
2.3508, 48.8567
2.3508, 48.8567
2.3508, 48.8567
2.3508, 48.8567
2.3508, 48.8567
2.3508, 48.8567
2.3508, 48.8567
2.35727059, 48.86522522
2.3508, 48.8567
2.352083, 48.864064
2.3508, 48.8567
2.3508, 48.8567
0.2325, 49.4194
2.3508, 48.8567
2.3508, 48.8567
0.0833333, 49.3667
2.36418438, 48.86746503
2.36418438, 48.86746503
2.25316927, 48.8451359
2.25316927, 48.8451359
2.25316927, 48.8451359
2.31944444, 48.85083333
2.36418438, 48.86746503
2.36418438, 48.86746503
2.36418438, 48.86746503
77.2089, 28.6139
2.3508, 48.8567
2.3508, 48.8567
2.3508, 48.8567
2.3508, 48.8567
2.3508, 48.8567
2.3508, 48.8567
2.3508, 48.8567
2.3508, 48.8567
2.3508, 48.8567
0.06567442, 49.36014769
0.06567442, 49.36014769
0.07038716, 49.36043629
