lon, lat
114.19019695, 22.3015636
114.1720963, 22.2971706
114.13874396, 22.33819513
114.16823946, 22.29480202
114.16823946, 22.29480202
114.1620921, 22.28376002
114.16853324, 22.29658875
114.19019695, 22.3015636
114.15957921, 22.28436428
114.15849687, 22.28472231
114.16867145, 22.29634092
114.177997, 22.28092
114.177997, 22.28092
114.19019695, 22.3015636
114.19019695, 22.3015636
114.19019695, 22.3015636
114.15795375, 22.28592892
114.16394339, 22.27948385
114.17196833, 22.23410068
114.17103482, 22.23469333
114.17103482, 22.23469333
114.17196833, 22.23410068
114.17196833, 22.23410068
114.177997, 22.28092
114.177997, 22.28092
114.177997, 22.28092
114.17632324, 22.29993498
114.15262042, 22.28149271
114.17461419, 22.29347069
114.19242585, 22.30255362
114.16884997, 22.29396168
114.1674301, 22.3000308
114.168129, 22.3004208
114.16792121, 22.29983385
114.18214857, 22.27887681
114.18214857, 22.27887681
114.177997, 22.28092
114.177997, 22.28092
114.16808374, 22.29649636
114.177997, 22.28092
114.156, 22.2808
114.1581583, 22.28173928
114.17055556, 22.3225
114.16818897, 22.29471664
114.177997, 22.28092
114.177997, 22.28092
114.16884997, 22.29396168
114.166817, 22.295058
114.15610732, 22.2806657
114.177997, 22.28092
114.17095727, 22.29413747
114.177997, 22.28092
114.18973649, 22.30387377
114.177997, 22.28092
114.17233626, 22.29646189
114.17233626, 22.29646189
14.3167, 48.8167
14.3167, 48.8167
114.1863072, 22.30438489
14.3167, 48.8167
14.3167, 48.8167
14.3167, 48.8167
14.3167, 48.8167
14.3167, 48.8167
14.3167, 48.8167
14.3167, 48.8167
14.3167, 48.8167
114.1581583, 22.28173928
2.34083333, 48.88666667
2.34083333, 48.88666667
2.34083333, 48.88666667
2.343, 48.88669444
2.3508, 48.8567
2.3508, 48.8567
114.177997, 22.28092
114.177997, 22.28092
114.16808374, 22.29649636
114.186, 22.2798
2.3508, 48.8567
2.3508, 48.8567
2.34812112, 48.85403318
2.34812112, 48.85403318
2.34812112, 48.85403318
2.3508, 48.8567
2.3508, 48.8567
2.3508, 48.8567
114.1581583, 22.28173928
114.1554108, 22.28442
114.2003746, 22.29103364
14.3167, 48.8167
14.41185556, 50.08644722
14.3984, 50.08975
114.15624311, 22.28474157
14.41416667, 50.07555556
14.4167, 50.0833
14.42192979, 50.08504599
14.42192979, 50.08504599
14.42192979, 50.08504599
14.42455556, 50.08713889
