lon, lat
24.99462721, 60.20929261
24.993812, 60.20949727
24.99073174, 60.20552397
24.99322967, 60.20963969
24.992677, 60.2091853
24.99463266, 60.20928585
24.99300631, 60.20970241
24.99463262, 60.20929124
24.99046216, 60.20593583
24.99315762, 60.20966415
24.99380051, 60.20950162
24.9933585, 60.20959766
24.9904879, 60.20591406
24.99336388, 60.209612
24.99377745, 60.20950745
24.99382054, 60.20931895
24.99321026, 60.20731304
24.9933589, 60.20961326
24.99382151, 60.20840846
24.99455966, 60.20930969
24.89390486, 60.19540283
24.89218398, 60.19243074
24.89393265, 60.19402143
24.89421839, 60.1960628
24.89471272, 60.19679531
24.99289831, 60.20972458
24.99289831, 60.20972458
24.99327211, 60.20962065
24.99365182, 60.2095126
24.91631423, 60.20580871
24.91909283, 60.2059456
24.993316, 60.20962462
24.99460362, 60.20928556
24.99377723, 60.20950317
24.99135479, 60.20690352
24.99284943, 60.20964157
24.99289858, 60.20973438
24.99459252, 60.20925797
24.99437599, 60.20931889
24.99455562, 60.20926723
24.99375423, 60.20947497
24.99293546, 60.20972142
24.98943851, 60.2038423
24.96995752, 60.20277138
24.97167873, 60.20536128
24.89579234, 60.19152098
24.99163002, 60.20558284
24.9930214, 60.20972216
25.10919451, 60.25181993
24.9929115, 60.20974869
24.99330808, 60.20965295
24.99296013, 60.20973695
24.99332471, 60.20964893
24.99328001, 60.20965972
24.99291627, 60.20974754
24.9933411, 60.20964498
24.89093675, 60.1904559
24.99305206, 60.209809
24.99503072, 60.20940077
24.99504535, 60.20939775
24.99304346, 60.20981078
24.993444, 60.20972814
24.99352302, 60.20971183
24.99504604, 60.20939823
22.75881951, 63.68389224
22.75894767, 63.68378704
22.75880098, 63.68378357
22.73477454, 63.6771785
22.75811132, 63.68329822
22.75883049, 63.68369052
22.75171185, 63.67820984
22.75456681, 63.67672085
22.75293302, 63.67759261
22.75576101, 63.67862396
22.75904649, 63.68382736
22.75894498, 63.68380108
22.75894787, 63.68376409
22.75523526, 63.67779817
22.7547018, 63.67694034
22.7589084, 63.68368979
22.7517414, 63.6781734
22.75490732, 63.67732578
22.75869227, 63.68383708
22.75900877, 63.68380301
23.65388351, 61.49907031
24.96540923, 60.19213352
24.9935482, 60.20972057
24.99504571, 60.20939768
24.99346596, 60.20812156
24.96115416, 60.18478131
24.92838076, 60.1697221
25.0151559, 60.26681725
25.01641903, 60.26350045
25.01815276, 60.26890341
25.01813157, 60.26890335
25.01084134, 60.26265497
25.01358183, 60.23341034
25.01034614, 60.2315149
24.99507547, 60.20940292
24.99510234, 60.20910649
24.99355462, 60.20972795
24.99516329, 60.20943121
24.92813333, 60.18230445
24.91934214, 60.18739365
24.99436065, 60.20905882
24.89105295, 60.19062723
24.90045505, 60.19136851
24.89135525, 60.19132738
24.89463069, 60.19174411
24.99261254, 60.20091824
24.98961299, 60.20238238
24.99447213, 60.20953686
24.99497459, 60.20942604
24.99497518, 60.2094261
24.99267596, 60.20018326
24.99123015, 60.20344656
24.99316507, 60.20988951
24.97852866, 60.20599594
2.39410598, 48.87802731
2.39410561, 48.87801364
2.3941068, 48.87804004
2.39403949, 48.87803775
2.39409011, 48.87798905
2.39401657, 48.87806195
2.39403351, 48.87804185
2.35988564, 48.85765874
2.35359642, 48.85798678
2.35370798, 48.85786058
2.35277887, 48.85731898
2.35264768, 48.85726421
2.28420301, 48.87999542
2.28196581, 48.87815746
2.28196582, 48.87815746
2.28440113, 48.87980998
2.39401578, 48.87800296
2.394003, 48.87800546
2.28251855, 48.87907052
2.39406463, 48.87802646
2.39408009, 48.87804136
2.39403112, 48.87798826
24.96638029, 60.3183062
24.96850584, 60.31946963
24.9500233, 60.1782872
24.99450404, 60.20962781
24.99328421, 60.20995059
24.99348366, 60.20989781
24.99428894, 60.20968116
25.02970239, 60.19628564
24.9920792, 60.20569426
23.82383943, 61.4957764
23.82439828, 61.49575639
23.82400903, 61.49597755
23.82156607, 61.49514028
23.82420201, 61.49578691
23.81986188, 61.49463609
23.82490095, 61.49613592
23.82426652, 61.49586661
23.82405681, 61.49560828
23.82301813, 61.49544414
23.82273656, 61.49553668
23.82388674, 61.49572739
23.82481065, 61.49610947
23.8240092, 61.49586033
23.82440507, 61.49591364
23.82400727, 61.49580459
23.8240838, 61.49583279
23.82249882, 61.49539036
23.82357812, 61.49567982
23.82415431, 61.49588022
24.99065562, 60.20163161
24.99476342, 60.20953523
24.99308219, 60.20960939
24.99489451, 60.20951681
24.94617384, 60.16844523
24.99316726, 60.20975957
24.99272206, 60.20982214
24.99260206, 60.20983901
