lon, lat
144.98005, -37.82267
144.9870758, -37.7990608
144.9870758, -37.7990608
144.9870758, -37.7990608
144.9870758, -37.7990608
144.9870758, -37.7990608
144.9870758, -37.7990608
144.968634, -37.822595
144.968634, -37.822595
144.968634, -37.822595
144.968634, -37.822595
144.968634, -37.822595
144.968634, -37.822595
144.968634, -37.822595
144.968634, -37.822595
144.968634, -37.822595
144.968634, -37.822595
144.968634, -37.822595
144.968634, -37.822595
3.00566065, 36.72990874
3.00566065, 36.72990874
3.00566065, 36.72990874
3.00566065, 36.72990874
3.00566065, 36.72990874
3.00566065, 36.72990874
3.00566065, 36.72990874
3.00566065, 36.72990874
3.00566065, 36.72990874
3.00566065, 36.72990874
3.00566065, 36.72990874
2.3508, 48.8567
3.00566065, 36.72990874
3.00566065, 36.72990874
3.00566065, 36.72990874
2.3508, 48.8567
3.00566065, 36.72990874
2.3508, 48.8567
2.3508, 48.8567
2.3508, 48.8567
2.3508, 48.8567
3.00566065, 36.72990874
3.00566065, 36.72990874
3.00566065, 36.72990874
3.00566065, 36.72990874
2.3508, 48.8567
2.3508, 48.8567
2.3508, 48.8567
2.3508, 48.8567
2.29811714, 48.8590256
2.31261632, 48.86634484
2.3508, 48.8567
144.9702454, -37.8156395
144.97220342, -37.86563612
144.969533, -37.817438
144.969533, -37.817438
144.969533, -37.817438
2.33529121, 48.86148756
2.33529121, 48.86148756
2.33529121, 48.86148756
2.23859745, 48.89099558
2.23583333, 48.89277778
2.23583333, 48.89277778
2.295, 48.8738
2.3508, 48.8567
2.29811714, 48.8590256
2.29811714, 48.8590256
144.96262524, -37.80635695
144.96262524, -37.80635695
144.96262524, -37.80635695
144.96262524, -37.80635695
144.96262524, -37.80635695
144.96262524, -37.80635695
144.96262524, -37.80635695
144.96262524, -37.80635695
144.96262524, -37.80635695
144.96262524, -37.80635695
144.96262524, -37.80635695
144.96262524, -37.80635695
144.96262524, -37.80635695
144.96262524, -37.80635695
144.96262524, -37.80635695
144.96262524, -37.80635695
144.96262524, -37.80635695
144.96262524, -37.80635695
144.96262524, -37.80635695
144.96262524, -37.80635695
144.96262524, -37.80635695
144.96262524, -37.80635695
144.96262524, -37.80635695
144.96262524, -37.80635695
144.96262524, -37.80635695
144.96262524, -37.80635695
144.96262524, -37.80635695
2.3406999, 48.8543205
151.20692847, -33.87085035
151.2097931, -33.8974495
145.0803375, -37.8636894
144.9494324, -37.8024902
145.0023193, -37.9393959
145.0023193, -37.9393959
145.0803375, -37.8636894
144.96469657, -37.81264666
145.08252348, -37.88636784
145.08252348, -37.88636784
145.08252348, -37.88636784
145.08252348, -37.88636784
145.12586412, -37.78527292
145.12586412, -37.78527292
144.96692875, -37.81530023
144.96692875, -37.81530023
144.96692875, -37.81530023
144.96692875, -37.81530023
144.96692875, -37.81530023
144.96692875, -37.81530023
144.96692875, -37.81530023
144.96692875, -37.81530023
144.96692875, -37.81530023
144.96692875, -37.81530023
144.96692875, -37.81530023
144.96692875, -37.81530023
144.96692875, -37.81530023
144.96692875, -37.81530023
144.96692875, -37.81530023
144.96374815, -37.81307997
144.96374815, -37.81307997
144.9582062, -37.8156815
144.9582062, -37.8156815
151.1894531, -33.8938293
151.1894531, -33.8938293
151.1894531, -33.8938293
151.1894531, -33.8938293
151.1894531, -33.8938293
151.1894531, -33.8938293
151.1894531, -33.8938293
151.1894531, -33.8938293
151.1894531, -33.8938293
151.19200099, -33.89366618
151.15359851, -33.87864214
151.15359851, -33.87864214
151.15359851, -33.87864214
