lon, lat
2.3508, 48.8567
2.3508, 48.8567
2.3508, 48.8567
2.3508, 48.8567
2.3508, 48.8567
2.3508, 48.8567
2.3508, 48.8567
2.3508, 48.8567
2.33172081, 48.87337081
2.3508, 48.8567
2.3508, 48.8567
2.3508, 48.8567
2.3508, 48.8567
2.3508, 48.8567
2.3508, 48.8567
2.3508, 48.8567
2.32468745, 48.85093785
2.3508, 48.8567
2.32638889, 48.85638889
2.3508, 48.8567
2.3508, 48.8567
2.3508, 48.8567
2.38416667, 48.83388889
2.3508, 48.8567
2.33328044, 48.8537739
2.3508, 48.8567
2.3307199, 48.8542099
2.3508, 48.8567
2.3508, 48.8567
2.3508, 48.8567
2.3508, 48.8567
2.3508, 48.8567
2.3508, 48.8567
2.3508, 48.8567
2.3508, 48.8567
2.3508, 48.8567
2.3508, 48.8567
2.34769283, 48.87121181
2.326655, 48.85151
2.29811714, 48.8590256
2.3508, 48.8567
2.3125, 48.855
2.3508, 48.8567
2.29811714, 48.8590256
2.3508, 48.8567
2.34972222, 48.84194444
2.31333, 48.86299
2.3508, 48.8567
2.3508, 48.8567
2.3508, 48.8567
2.29811714, 48.8590256
2.3508, 48.8567
2.3508, 48.8567
2.3508, 48.8567
2.3508, 48.8567
2.3508, 48.8567
2.3132601, 48.8697014
2.3508, 48.8567
2.3125, 48.855
2.3508, 48.8567
2.3508, 48.8567
2.31598, 48.8558693
2.30997698, 48.85893601
2.31358098, 48.8604718
2.3894, 48.8794289
2.32638889, 48.85638889
2.3508, 48.8567
2.3508, 48.8567
2.3508, 48.8567
2.31361111, 48.86361111
2.3508, 48.8567
2.3508, 48.8567
2.34769283, 48.87121181
2.3508, 48.8567
2.3508, 48.8567
2.29661337, 48.86589218
-9.35351395, 38.68579203
2.3508, 48.8567
2.3508, 48.8567
-9.35351395, 38.68579203
-9.35351395, 38.68579203
-9.35351395, 38.68579203
-9.14071678, 38.71487556
-9.14071678, 38.71487556
-9.35873327, 38.69338287
-9.35, 38.6833
-9.39041564, 38.78740989
-9.13333, 38.7167
-9.42015405, 38.69798882
-9.14071678, 38.71487556
-9.35496722, 38.6893655
-9.40923868, 38.70208902
-9.42015405, 38.69798882
2.3848319, 48.834021
2.3125, 48.855
2.3848319, 48.834021
2.33777234, 48.84692561
2.3848319, 48.834021
2.31573926, 48.86246341
2.3508, 48.8567
2.3848319, 48.834021
2.3508, 48.8567
2.326655, 48.85151
2.3508, 48.8567
2.3508, 48.8567
2.3508, 48.8567
2.3061199, 48.8666801
2.30348902, 48.8713351
2.3508, 48.8567
2.3508, 48.8567
2.3508, 48.8567
2.3508, 48.8567
2.3508, 48.8567
2.3508, 48.8567
2.310399, 48.857667
2.3508, 48.8567
2.31361111, 48.86361111
2.3375, 48.85833333
2.3508, 48.8567
2.3508, 48.8567
2.33529121, 48.86148756
2.3508, 48.8567
2.3508, 48.8567
2.3508, 48.8567
2.3508, 48.8567
2.3508, 48.8567
2.33333333, 48.85388889
2.3508, 48.8567
2.3508, 48.8567
2.3615401, 48.8618011
2.3508, 48.8567
2.3508, 48.8567
2.3508, 48.8567
2.3508, 48.8567
2.3508, 48.8567
2.3508, 48.8567
2.3508, 48.8567
2.33254, 48.8707008
2.310399, 48.857667
2.3508, 48.8567
2.3508, 48.8567
2.33254, 48.8707008
2.3508, 48.8567
2.3508, 48.8567
2.3508, 48.8567
2.3508, 48.8567
2.31021, 48.8582306
2.3508, 48.8567
2.34769283, 48.87121181
2.29811714, 48.8590256
2.3508, 48.8567
2.31333, 48.86299
2.3508, 48.8567
2.3508, 48.8567
2.30031489, 48.85534419
2.29811714, 48.8590256
2.3508, 48.8567
2.3508, 48.8567
2.30827678, 48.85963491
2.30997698, 48.85893601
2.3508, 48.8567
2.3508, 48.8567
2.3508, 48.8567
2.3508, 48.8567
2.29661337, 48.86589218
2.29738103, 48.86450262
2.3508, 48.8567
2.3508, 48.8567
2.31236463, 48.86615618
2.31236463, 48.86615618
2.32974226, 48.8676684
2.3508, 48.8567
2.389553, 48.876376
2.34769283, 48.87121181
2.3508, 48.8567
2.3508, 48.8567
2.3508, 48.8567
2.3508, 48.8567
2.3508, 48.8567
2.310399, 48.857667
2.31361111, 48.86361111
2.3508, 48.8567
2.3508, 48.8567
2.3508, 48.8567
2.34812112, 48.85403318
2.3508, 48.8567
2.37561726, 48.87759071
2.310399, 48.857667
2.3508, 48.8567
2.31021, 48.8582306
2.3508, 48.8567
2.3508, 48.8567
2.3508, 48.8567
2.3125, 48.855
2.3508, 48.8567
2.31333, 48.86299
2.3508, 48.8567
2.3508, 48.8567
2.3508, 48.8567
2.35944041, 48.84867601
2.33232222, 48.83400833
2.33, 48.84
2.3508, 48.8567
2.32602851, 48.86025591
2.3325, 48.85388889
2.3508, 48.8567
2.3508, 48.8567
2.3508, 48.8567
2.3508, 48.8567
2.343, 48.88669444
2.34972222, 48.84194444
2.35992656, 48.84365252
2.35992656, 48.84365252
2.3508, 48.8567
2.3508, 48.8567
2.3848319, 48.834021
2.3508, 48.8567
2.3508, 48.8567
2.3508, 48.8567
2.34082452, 48.85700928
2.33333333, 48.85388889
2.3508, 48.8567
2.3848319, 48.834021
2.37166667, 48.87777778
2.3508, 48.8567
2.3508, 48.8567
2.3508, 48.8567
2.3508, 48.8567
2.3508, 48.8567
2.3508, 48.8567
2.3508, 48.8567
2.3508, 48.8567
2.36418438, 48.86746503
2.3624499, 48.8630486
2.3508, 48.8567
2.3508, 48.8567
2.35037928, 48.83589328
2.3508, 48.8567
2.3848319, 48.834021
2.3508, 48.8567
2.3508, 48.8567
2.3508, 48.8567
2.32602851, 48.86025591
2.38944716, 48.87487112
2.3508, 48.8567
2.3508, 48.8567
2.38777778, 48.82833333
2.3508, 48.8567
2.31123013, 48.869686
2.3508, 48.8567
2.29738103, 48.86450262
2.3508, 48.8567
2.3508, 48.8567
2.29738103, 48.86450262
2.3508, 48.8567
2.3536204, 48.8341434
2.3415999, 48.8574104
2.3508, 48.8567
2.3508, 48.8567
2.3508, 48.8567
2.3508, 48.8567
2.3508, 48.8567
2.31333, 48.86299
2.30653214, 48.86712635
2.3508, 48.8567
2.3508, 48.8567
2.33278103, 48.87086573
2.3508, 48.8567
2.3508, 48.8567
2.3508, 48.8567
2.3508, 48.8567
2.3508, 48.8567
2.3508, 48.8567
2.3508, 48.8567
2.3508, 48.8567
2.3508, 48.8567
2.3508, 48.8567
2.3508, 48.8567
2.3508, 48.8567
2.32175253, 48.86591929
2.3508, 48.8567
2.3508, 48.8567
2.3508, 48.8567
2.3280699, 48.8651619
2.3508, 48.8567
2.3508, 48.8567
2.3508, 48.8567
2.3508, 48.8567
2.3558939, 48.83055361
2.35470549, 48.8280324
2.3508, 48.8567
2.3508, 48.8567
2.3508, 48.8567
2.3508, 48.8567
2.3508, 48.8567
2.3247499, 48.8566284
2.3508, 48.8567
2.3206999, 48.8558083
2.311152, 48.8485071
2.36372487, 48.8439447
2.3508, 48.8567
2.3536204, 48.8341434
2.3508, 48.8567
2.3508, 48.8567
2.3508, 48.8567
2.35235543, 48.83661455
2.35235543, 48.83661455
2.35944041, 48.84867601
2.3508, 48.8567
2.3508, 48.8567
2.38121, 48.83441
2.3875401, 48.8332481
2.34339, 48.8499184
2.29811714, 48.8590256
2.3508, 48.8567
2.3061199, 48.8666801
2.31361111, 48.86361111
2.29706, 48.8646317
2.3508, 48.8567
2.35235543, 48.83661455
2.3508, 48.8567
2.3508, 48.8567
2.3360374, 48.86302881
2.3508, 48.8567
2.3508, 48.8567
2.36481, 48.8269501
2.35235543, 48.83661455
2.30644089, 48.86744979
2.3508, 48.8567
2.30067579, 48.87161624
2.29811714, 48.8590256
-1.5531, 49.0075
2.3508, 48.8567
2.3508, 48.8567
2.3508, 48.8567
2.3508, 48.8567
2.3508, 48.8567
2.3508, 48.8567
2.3508, 48.8567
2.3508, 48.8567
2.3508, 48.8567
2.368104, 48.8275575
2.33814299, 48.81934664
2.38121, 48.83441
2.3765528, 48.83232077
2.3508, 48.8567
2.3508, 48.8567
2.3508, 48.8567
2.3875401, 48.8332481
2.3622601, 48.8249092
2.3508, 48.8567
2.3508, 48.8567
2.30038, 48.8547783
2.3508, 48.8567
2.30644089, 48.86744979
2.3508, 48.8567
2.37888889, 48.83138889
2.3875401, 48.8332481
2.347253, 48.857639
2.3415999, 48.8574104
2.35235543, 48.83661455
2.34808892, 48.85392878
2.300234, 48.864904
2.34458731, 48.85428417
2.30348902, 48.8713351
2.30166667, 48.86416667
2.2933199, 48.8710098
-1.56193912, 48.97531312
2.3508, 48.8567
2.3875401, 48.8332481
2.3875401, 48.8332481
-1.56933775, 48.77438972
2.3508, 48.8567
2.36372924, 48.84335741
2.2933199, 48.8710098
2.35798163, 48.85661715
2.35798163, 48.85661715
2.33630404, 48.8618099
2.33630404, 48.8618099
2.0436023, 48.92908506
2.29811714, 48.8590256
2.3508, 48.8567
2.36370773, 48.84310808
2.337599, 48.860339
2.34816085, 48.8619918
2.34566, 48.85923
2.3508, 48.8567
2.3508, 48.8567
-1.46041497, 49.05124652
-1.5531, 49.0075
-1.5531, 49.0075
-1.46041497, 49.05124652
-1.56935253, 48.77437429
-1.6045165, 49.06068251
-1.56935253, 48.77437429
-1.24268851, 48.84223758
-1.56935253, 48.77437429
-1.56935253, 48.77437429
-1.56935253, 48.77437429
0.86051455, 49.36080581
2.3508, 48.8567
-118.10277778, 34.10194444
-118.33940773, 34.10171884
-118.49676735, 34.01017307
-118.69344033, 34.04997462
-118.49975843, 34.01033864
-118.3875, 34.1881
-118.21633807, 34.14354205
-118.2909629, 34.23396149
-118.33940773, 34.10171884
-118.40390483, 34.07034088
-118.33940773, 34.10171884
-118.26118419, 33.86426728
-118.33062281, 33.98172181
-118.33940773, 34.10171884
-118.33062281, 33.98172181
-118.4020767, 34.0678215
-119.79297592, 34.48822423
-119.82883831, 34.41580368
-118.49676735, 34.01017307
-118.40391465, 34.07032244
-118.3878174, 33.8647499
-118.39854857, 33.85358317
-118.39406377, 33.86047665
-118.40120815, 33.86209093
-118.3434525, 34.0966187
-118.3457336, 34.0764313
-118.33940773, 34.10171884
-118.33940773, 34.10171884
-77.44765416, 38.94889466
2.35606371, 48.87850947
2.357332, 48.83653538
2.38611578, 48.8682056
2.35606371, 48.87850947
2.35606371, 48.87850947
2.33777234, 48.84692561
2.35606371, 48.87850947
2.35126223, 48.85176412
2.36329392, 48.83328343
2.35606371, 48.87850947
2.35585623, 48.83055973
2.33589429, 48.86179762
2.35606371, 48.87850947
2.35606371, 48.87850947
2.3008299, 48.8688011
13.39107436, 52.52022575
13.44927863, 52.50460897
2.3043799, 48.8682289
2.3512634, 48.85176461
13.45794506, 52.50497543
13.42001952, 52.49965595
13.44007286, 52.50185281
13.40384881, 52.53062102
13.38984744, 52.53498188
13.45042906, 52.49686171
13.34115149, 52.50202149
13.44007286, 52.50185281
13.40384881, 52.53062102
13.39624174, 52.53776577
13.32835646, 52.53305631
2.30348902, 48.8713351
2.3031075, 48.86658481
2.30348902, 48.8713351
2.32602703, 48.8602551
2.35606371, 48.87850947
2.32974226, 48.8676684
2.35606371, 48.87850947
2.3875401, 48.8332481
2.35606371, 48.87850947
2.38749581, 48.83302739
2.35606371, 48.87850947
2.35606371, 48.87850947
2.35606371, 48.87850947
2.35606371, 48.87850947
2.35606371, 48.87850947
2.35606371, 48.87850947
2.35606371, 48.87850947
2.30348697, 48.87133617
2.3008299, 48.8688011
2.32469781, 48.8509413
2.35606371, 48.87850947
2.3008299, 48.8688011
2.29145307, 48.85049691
2.35606371, 48.87850947
2.35606371, 48.87850947
2.31476, 48.8716812
2.3061199, 48.8666801
2.35606371, 48.87850947
2.32974226, 48.8676684
2.33589429, 48.86179762
2.32974226, 48.8676684
2.35606371, 48.87850947
2.35606371, 48.87850947
2.35449549, 48.86767609
2.35449549, 48.86767609
2.35449549, 48.86767609
2.35606371, 48.87850947
2.3061199, 48.8666801
2.29666241, 48.86437131
2.3016801, 48.8657608
2.3016801, 48.8657608
2.31262649, 48.86630077
2.31577155, 48.85545899
2.35607442, 48.87873559
2.35607442, 48.87873559
2.35607442, 48.87873559
2.35607442, 48.87873559
2.3875401, 48.8332481
2.35607442, 48.87873559
2.34981775, 48.8599991
2.3252923, 48.8708954
2.30360797, 48.87128979
2.35607442, 48.87873559
2.3008299, 48.8688011
2.35563302, 48.83234589
2.35607442, 48.87873559
2.35607442, 48.87873559
2.34199955, 48.85775921
2.32670898, 48.86823758
2.32670898, 48.86823758
2.35607442, 48.87873559
2.35215403, 48.83691067
2.29811714, 48.8590256
2.31493348, 48.87188007
2.35607442, 48.87873559
2.30407544, 48.87711546
2.36329927, 48.8332883
2.30062435, 48.83185372
2.30062435, 48.83185372
2.30062435, 48.83185372
2.35607442, 48.87873559
2.35607442, 48.87873559
2.35607442, 48.87873559
2.35607442, 48.87873559
2.35607442, 48.87873559
2.35607442, 48.87873559
2.32974226, 48.8676684
2.35607442, 48.87873559
2.35607442, 48.87873559
2.35607442, 48.87873559
2.375185, 48.83194
2.35607442, 48.87873559
2.35607442, 48.87873559
2.35607442, 48.87873559
2.365365, 48.85619498
2.36329927, 48.8332883
2.35607442, 48.87873559
2.35607442, 48.87873559
2.37468472, 48.82925744
2.36674547, 48.86932356
2.02172799, 48.52822646
2.37468472, 48.82925744
2.38700281, 48.83162193
2.30648074, 48.86747083
2.37468472, 48.82925744
2.38186133, 48.86579804
2.29923966, 48.87320078
2.34419891, 48.79642218
2.02172799, 48.52822646
