lon, lat
2.3741333, 48.84839718
2.3741333, 48.84839718
2.3741333, 48.84839718
2.37138672, 48.92425038
2.37138672, 48.92425038
2.3741333, 48.84839718
2.37138672, 48.92425038
2.37138672, 48.92425038
2.37138672, 48.92425038
2.37138672, 48.92425038
2.37138672, 48.92425038
2.37138672, 48.92425038
2.37138672, 48.92425038
2.37138672, 48.92425038
2.37138672, 48.92425038
2.3741333, 48.84839718
2.37138672, 48.92425038
2.37138672, 48.92425038
2.37138672, 48.92425038
2.3741333, 48.84839718
2.3741333, 48.84839718
2.3741333, 48.84839718
2.37138672, 48.92425038
2.37138672, 48.92425038
2.37138672, 48.92425038
2.3741333, 48.84839718
2.3741333, 48.84839718
2.37138672, 48.92425038
2.37138672, 48.92425038
2.37138672, 48.92425038
2.3741333, 48.84839718
2.3741333, 48.84839718
2.3741333, 48.84839718
2.3741333, 48.84839718
2.3741333, 48.84839718
2.3741333, 48.84839718
2.3741333, 48.84839718
2.3741333, 48.84839718
2.3741333, 48.84839718
2.3741333, 48.84839718
2.3741333, 48.84839718
2.3741333, 48.84839718
2.3741333, 48.84839718
2.3741333, 48.84839718
2.3741333, 48.84839718
2.3741333, 48.84839718
2.3741333, 48.84839718
2.3741333, 48.84839718
2.3741333, 48.84839718
2.3741333, 48.84839718
2.3741333, 48.84839718
2.3741333, 48.84839718
2.3741333, 48.84839718
2.3741333, 48.84839718
2.3741333, 48.84839718
2.3741333, 48.84839718
2.3741333, 48.84839718
2.3741333, 48.84839718
2.3741333, 48.84839718
2.3741333, 48.84839718
2.3741333, 48.84839718
2.3741333, 48.84839718
2.3741333, 48.84839718
2.3741333, 48.84839718
2.3741333, 48.84839718
2.3741333, 48.84839718
2.3741333, 48.84839718
2.3741333, 48.84839718
2.3741333, 48.84839718
2.3741333, 48.84839718
2.3741333, 48.84839718
2.3741333, 48.84839718
2.3741333, 48.84839718
2.3741333, 48.84839718
2.3741333, 48.84839718
2.3741333, 48.84839718
2.3741333, 48.84839718
2.3741333, 48.84839718
2.3741333, 48.84839718
2.3741333, 48.84839718
2.3741333, 48.84839718
2.3741333, 48.84839718
2.37138672, 48.92425038
2.37138672, 48.92425038
2.3741333, 48.84839718
2.3741333, 48.84839718
2.3741333, 48.84839718
2.37138672, 48.92425038
2.37138672, 48.92425038
2.37138672, 48.92425038
2.3741333, 48.84839718
2.3741333, 48.84839718
2.3741333, 48.84839718
2.4257791, 48.95569494
2.3741333, 48.84839718
2.3741333, 48.84839718
2.3741333, 48.84839718
2.4257791, 48.95569494
2.4257791, 48.95569494
2.3741333, 48.84839718
2.3741333, 48.84839718
2.37138672, 48.92425038
