lon, lat
-80.4299, 25.1066
-73.49722222, 43.09138889
-80.19044171, 25.76762681
-80.20560786, 25.76716982
-80.23705078, 25.74028276
-80.20560786, 25.76716982
-80.20560786, 25.76716982
-80.19044171, 25.76762681
-80.19044171, 25.76762681
-80.37299374, 25.76395951
-80.37295213, 25.76397362
-80.20560786, 25.76716982
-80.20659041, 25.75610846
-80.23705078, 25.74028276
-80.21935967, 25.76570479
-80.2241, 25.7877
-80.19755704, 25.76719307
-80.26361111, 25.74861111
-73.97973236, 40.75987675
-73.97973236, 40.75987675
-73.98254335, 40.76246899
-74.0082932, 40.7395058
-74.07266953, 40.64406788
-80.24550909, 25.7352618
-74.07266953, 40.64406788
-74.08461655, 40.64598322
-80.244731, 25.7255
2.31488956, 48.87478042
-80.19718352, 25.77457998
-80.24540436, 25.73528378
-80.21935967, 25.76570479
-80.33306061, 25.77774897
-80.2218781, 25.7894402
-80.19718352, 25.77457998
2.31488956, 48.87478042
2.3508, 48.8567
2.3508, 48.8567
2.3508, 48.8567
2.34812112, 48.85403318
2.3508, 48.8567
2.29441357, 48.86209806
-80.2454824, 25.73507784
-80.22732677, 25.73438347
-80.3167267, 25.7302494
-80.24534946, 25.73511686
-80.37287978, 25.76390396
-80.24559569, 25.73532367
-80.36415754, 25.76598003
-80.24557136, 25.73522942
-80.24554367, 25.73514288
-80.18623298, 25.7719033
-80.24553085, 25.73482684
-80.24552175, 25.7351715
-80.36403095, 25.76595384
-80.3728899, 25.76386696
-80.24548877, 25.73495651
-80.24556894, 25.73529028
-80.24542148, 25.7353457
-80.24534092, 25.7355373
-80.37298359, 25.76381927
-80.37286727, 25.76388539
-80.24539262, 25.73524527
-80.24545776, 25.73502235
-80.24536765, 25.73513161
-80.25995635, 25.75055863
-80.3729735, 25.76393834
-80.37292085, 25.76386608
-80.37303783, 25.76405741
-80.24532608, 25.73495865
-80.24522591, 25.73510525
-80.24551685, 25.73499645
-80.24531895, 25.7350928
-80.24550497, 25.7351901
-80.37297406, 25.76366165
-80.24542524, 25.73502143
-80.24546167, 25.73525852
-80.24543963, 25.73515664
-80.24551836, 25.73505026
-80.24561039, 25.73484574
-80.37303094, 25.76388807
-80.37300105, 25.76387824
-80.37302755, 25.76383838
-80.24566261, 25.73547992
-80.24548828, 25.73527178
-80.24541208, 25.73507419
-84.43595949, 33.63938863
-94.58574199, 39.04531227
-94.58585208, 39.04482601
-94.58585208, 39.04482601
-94.58587297, 39.04479164
-94.58587297, 39.04479164
-80.24544149, 25.73518836
-80.24541609, 25.73514795
-80.24542708, 25.73510915
-80.24542708, 25.73510915
-80.24542792, 25.7351047
-80.24543084, 25.73515905
-80.33783382, 25.80011893
-80.24535944, 25.73506975
-80.24535944, 25.73506975
-80.24544485, 25.73494084
-80.24538291, 25.73498455
-80.24536916, 25.73510345
-80.2454431, 25.7351823
-80.24542926, 25.73497047
-80.24542273, 25.73499239
-80.24542071, 25.73498162
-80.23174119, 25.75439507
-80.2454845, 25.73496833
-80.24547181, 25.73515516
-80.24533614, 25.73521325
-80.24549749, 25.73500056
-80.24548302, 25.7351309
-80.21274118, 25.73999735
-80.21304561, 25.74020472
-80.21303896, 25.74022946
-80.24544795, 25.73506548
-80.24545591, 25.73506036
-80.24574509, 25.73493128
-80.24546853, 25.73514256
-80.24521435, 25.73515282
-80.2452866, 25.73528517
-80.25874903, 25.74968787
-80.25874903, 25.74968787
-80.24531912, 25.73502076
-80.24537981, 25.73516694
-80.24547067, 25.73523634
-80.24549522, 25.73497558
-80.24533837, 25.7350128
-80.24530898, 25.73500735
-80.12435345, 25.80509023
-73.94893634, 40.80193754
-73.94893851, 40.80192164
-73.94894406, 40.80198138
-73.99182492, 40.74220667
-73.94904985, 40.80189397
-73.94902479, 40.8018956
-73.96569557, 40.76733788
-80.27210873, 25.79873183
-80.24540319, 25.73514888
-80.24098241, 25.72801332
-80.24105307, 25.72794023
-80.24539439, 25.73505881
-80.24558273, 25.73497131
-80.24539338, 25.73499947
-80.24539338, 25.73499947
-80.27392846, 25.71691429
-80.27392846, 25.71691429
-80.27409767, 25.71702805
-80.24538475, 25.73504138
-80.24538291, 25.73509399
-80.24539498, 25.7350581
-80.24549475, 25.7352398
-80.24543379, 25.73495852
-80.24554334, 25.73507017
-80.24550528, 25.7350335
-80.24536732, 25.7350242
-80.24540713, 25.73507365
-80.24548091, 25.73518787
-80.24549745, 25.73519502
-80.24536514, 25.73514573
-80.24550824, 25.73517906
-80.24541853, 25.73522653
-80.24548768, 25.73517118
-80.24537903, 25.73561878
-80.24135612, 25.7277478
-80.37302798, 25.76373389
-80.24538894, 25.73502067
-80.24556074, 25.73525171
-80.24546254, 25.73513383
-80.24544015, 25.73535505
-80.24548086, 25.73499738
-80.245502, 25.73507395
-80.24541534, 25.73507532
-80.2454881, 25.73503166
-80.2454881, 25.73503166
-80.2454161, 25.73499209
-80.24541417, 25.73498124
-80.37310115, 25.76378301
-80.24547051, 25.73550922
-80.2454762, 25.73508019
-80.24548282, 25.73502742
-80.24548282, 25.73502742
-80.24548282, 25.73502742
-80.24543848, 25.73498664
-80.24544451, 25.73498916
-80.24538006, 25.73499289
-80.24127174, 25.72796934
-80.24538919, 25.73506828
-80.24549812, 25.73514859
-80.2454648, 25.73508186
-80.24541761, 25.73492864
-80.24539768, 25.73549865
-80.24539768, 25.73549865
-80.24539062, 25.7352687
-80.2455431, 25.73514812
-80.24540244, 25.73484994
-80.24539297, 25.73495685
-80.2454311, 25.73503698
-80.24540512, 25.73504448
-80.24538718, 25.73504067
-80.24517537, 25.73506753
-80.24532993, 25.73511011
-80.25493786, 25.71807066
-80.2549459, 25.71800068
-80.2549459, 25.71800068
-80.2454273, 25.73512137
-80.2456456, 25.73517721
-80.24538106, 25.73535243
-80.24520831, 25.73524678
-80.24520831, 25.73524678
-80.24549355, 25.7352314
-80.24542733, 25.73506862
-80.24542733, 25.73506862
-80.24548997, 25.73515911
-80.24534636, 25.73507516
-80.2454354, 25.73488696
-80.24558952, 25.73529723
-80.24543034, 25.73508509
-80.24541954, 25.7351467
-80.24554023, 25.73520892
-80.24551498, 25.73519908
-80.24533588, 25.73506799
-80.24539883, 25.7350239
-80.24541409, 25.73503585
-80.24509423, 25.73518747
-80.24546357, 25.73515663
-80.24538173, 25.73503513
-80.24555616, 25.73513593
-80.24555616, 25.73513593
-80.24553918, 25.73534157
-80.24540043, 25.73511627
-80.2411644, 25.72796016
-80.24541632, 25.73556332
-80.24532608, 25.73495366
-80.19710586, 25.77463368
-80.24538081, 25.7349817
-80.24538123, 25.73509167
-80.245475, 25.73529152
-80.2454627, 25.73501041
-80.24542457, 25.73503383
-80.190475, 25.799667
-80.20522085, 25.80662794
-80.24539464, 25.73510072
-80.24539121, 25.73508882
-80.2453938, 25.73501389
-80.24541258, 25.73504523
-80.24532641, 25.73508429
-80.24545105, 25.73502755
-80.24546555, 25.73505571
-80.24549087, 25.73511631
-80.24540168, 25.73500756
-80.24548079, 25.73514669
-80.24554803, 25.73495018
-80.24554837, 25.73494821
-80.24570444, 25.73517666
-80.24534561, 25.73506363
-80.24524067, 25.7350467
-80.24535298, 25.73490936
-80.24542926, 25.73506946
-80.20485, 25.806917
-80.24539263, 25.73501715
-80.24548978, 25.73510521
-80.24544133, 25.73508031
-80.24533287, 25.73504465
-80.2454358, 25.73502453
-80.24539565, 25.73500689
-80.24533513, 25.73497692
-80.24518803, 25.73513622
-80.24540202, 25.73506137
-80.24536463, 25.73502499
-80.24549053, 25.73517859
-80.2453726, 25.73506858
-80.24536455, 25.7351068
-80.24551565, 25.73521673
-80.24535055, 25.73498514
-80.24516313, 25.73504867
-80.24534536, 25.73509523
-80.24537469, 25.73518115
-80.24541744, 25.73498023
-80.24545801, 25.73501418
-80.24545801, 25.73501418
-80.24545801, 25.73501418
-80.2454503, 25.73501028
-80.2454503, 25.73501028
-80.24536556, 25.73497235
-80.24520923, 25.73525315
-80.24520923, 25.73525315
-80.24540554, 25.73495002
-80.24540017, 25.73511619
-80.24540017, 25.73511619
-80.2453964, 25.73513358
-80.24539514, 25.7351226
-80.24564356, 25.73579656
-80.24386457, 25.76370175
-80.24543781, 25.73503287
-80.24541903, 25.73516899
-80.24553695, 25.73549847
-80.24548209, 25.73512564
-80.72033959, 28.23160498
-81.08832277, 32.07713026
-81.08831051, 32.07712856
-81.08824726, 32.07711912
-81.08838134, 32.07721344
-81.08832561, 32.0770976
-86.30688351, 32.3793321
-86.30678517, 32.37934728
-86.30678507, 32.37935725
-86.3067729, 32.37936701
-86.30678137, 32.37935841
-86.30677278, 32.37935397
-80.24541115, 25.73506275
-80.24551717, 25.73512653
-80.24533857, 25.73505194
-80.24547963, 25.73500919
-80.24532868, 25.73509117
-80.24529951, 25.73510085
-80.24534864, 25.73512729
-80.2453735, 25.73550673
-80.24544256, 25.73501466
-80.24544917, 25.73516159
-80.22428934, 25.75067824
-80.24551719, 25.73510349
-80.24530806, 25.73501053
-80.2454011, 25.73506409
-80.24538534, 25.73509297
-80.24537226, 25.7350889
-80.24537226, 25.7350889
-80.24537226, 25.7350889
-80.24537226, 25.7350889
-80.24539364, 25.73505416
-80.24549812, 25.73519934
-80.24552054, 25.73513232
-80.24546555, 25.73505571
-80.24554186, 25.73515228
-80.24540445, 25.7350532
