lon, lat
-0.5005448, 44.7914874
0.6829777, 47.3942756
-2.83657225, 48.48108163
-0.5387649, 47.1381204
6.373394, 46.262216
5.80290267, 43.83693064
2.613052, 48.9532416
0.1525323, 44.5122546
5.057106, 43.91419
-0.52298487, 44.88709603
2.49881815, 49.51348192
4.87742814, 46.82044373
5.49527436, 43.2992932
2.1742767, 48.7319064
1.17166836, 49.40159461
-2.5210186, 47.6569732
4.64474829, 44.26173334
4.3495274, 50.827298
-0.120692, 45.523385
1.5075478, 48.465365
0.0068462, 47.2323553
1.849408, 48.957257
-1.0582609, 47.333366
-0.422055, 49.217667
2.35539244, 43.22763938
2.82885756, 48.91361965
-2.108016, 48.634761
1.530432, 48.647832
4.20533511, 45.36919665
5.02405871, 47.33290566
1.84459363, 48.97266002
2.469502, 49.272723
3.070352, 50.6516944
-1.08354052, 44.73365732
2.32929495, 48.76404898
2.43046117, 44.92783578
-3.40289668, 47.82159808
-0.37305544, 49.20601532
-0.4777083, 47.4580875
1.5818654, 48.58899703
2.4304686, 48.617532
6.16850231, 43.11719604
6.2715365, 46.3208088
6.12481714, 43.11012493
2.5391448, 48.9217995
-1.69216405, 43.34839859
3.49882272, 45.10258026
2.0887339, 47.90891539
-1.66297813, 47.93989819
2.4590243, 51.0295958
3.0987775, 43.5817331
5.32210728, 45.03801164
1.309631, 49.271046
1.115638, 47.4959429
-0.35677372, 49.17299611
4.922661, 45.782029
6.07178942, 49.13803182
2.30225559, 48.84148554
3.8538481, 43.5288016
1.3744786, 44.0202762
-0.300062, 49.228056
4.99603458, 43.50447927
2.023163, 49.029373
4.708432, 44.4444919
-1.474841, 43.492949
1.61674177, 43.54643219
-1.7587191, 47.3298257
-0.41547874, 46.39579178
1.3388853, 49.1556799
2.3900102, 48.88121056
-1.1615629, 45.796848
2.94919019, 50.4188546
4.83969452, 45.38361957
6.2946694, 46.3585676
-1.4976231, 47.2968622
0.271986, 45.680168
2.61008215, 48.56749069
1.0412132, 49.4636774
5.38090931, 45.18345205
3.5068387, 50.3328521
1.8460306, 49.0278363
1.8460306, 49.0278363
-1.4568518, 43.5023794
4.8672347, 45.73591198
-0.5055503, 44.9039154
1.4562854, 43.6184325
1.83668646, 47.86333646
3.0810569, 45.8903577
1.16619136, 43.73900729
-0.387355, 43.2869676
-0.387355, 43.2869676
1.5373457, 43.5373511
-0.20993134, 45.63606399
1.42558603, 43.69808808
2.44319262, 43.25172173
2.3152017, 48.9033669
5.8566684, 43.1148605
5.11263677, 46.67577085
-0.158582, 47.767406
2.35537, 49.872722
-2.717903, 48.520618
6.01132517, 47.49486893
3.080602, 50.367874
3.8608277, 43.6285043
0.899658, 49.555148
6.072758, 45.392345
-1.6843418, 48.1152287
2.1118507, 49.1787685
1.3605039, 48.72475925
5.40364434, 49.1614803
2.485784, 48.614227
0.69654538, 47.24351132
2.25641302, 48.77541521
1.4024818, 43.4523
1.1219265, 49.0487035
4.7876527, 45.7168902
7.34025737, 48.10778396
-4.4717449, 48.4026615
-4.086442, 48.2500785
-0.7669906, 48.0785146
6.423353, 45.904427
4.1794464, 43.666905
2.792095, 48.504945
4.97640255, 45.74672401
3.2172614, 45.7946881
4.7352869, 48.671368
5.193588, 45.732753
2.3596678, 43.18509222
0.84206052, 47.4134952
2.1657815, 49.0583226
-0.5484106, 47.4555885
-1.93342509, 47.56754653
-4.41826243, 48.49745713
4.985931, 43.405449
2.88704528, 46.26344248
5.17187731, 43.33687199
2.04569646, 43.10869366
-2.05370575, 48.58555355
5.61002, 49.9147
0.10587015, 49.51819646
2.3512419, 48.7984689
3.3368155, 45.4577356
-4.232745, 48.181485
2.0318589, 48.6984959
-0.67611525, 44.73781745
2.3006179, 43.19285788
-0.40880175, 49.16729523
-2.04231007, 48.14805425
0.10123942, 49.50507509
3.089204, 48.847191
4.9065397, 43.9417967
-1.9989531, 47.4063106
-2.2512534, 47.4271348
5.311229, 45.62673
0.47466446, 47.26428459
4.13394131, 43.67513029
2.30825208, 48.63476569
0.578364, 44.1621327
5.917781, 45.564601
3.6697526, 43.4885935
4.44241979, 46.80029351
-0.57468104, 43.75969862
5.39303406, 43.25798619
5.24811317, 43.36653205
4.55200885, 43.82698157
2.31857548, 43.19675073
-1.5771386, 46.4125677
2.3507778, 48.66228683
6.14704843, 49.20884272
0.6799769, 47.4325029
6.1624918, 49.0110472
3.902609, 43.630843
2.38883154, 48.80370696
5.4820579, 43.3397533
-1.2977194, 46.9530651
5.634811, 43.221502
-0.75104622, 46.09827725
1.49272312, 43.57628326
-1.08341717, 44.87925768
2.7957644, 42.51264243
-3.278331, 47.8132329
2.27450747, 48.99257671
6.9407074, 43.5470869
0.093047, 44.875585
3.5574674, 50.445534
0.078962, 48.023748
6.06726464, 43.22258278
0.1562369, 45.648377
2.622037, 48.811755
0.101397, 45.608466
6.254615, 45.601496
-0.070128, 47.2772176
0.5157237, 46.8153292
7.160205, 43.6624599
-1.5659201, 47.2141101
-2.02069397, 48.44850837
2.871168, 48.951376
6.146639, 49.244883
1.4753688, 49.9569695
1.1075278, 49.4774053
5.0038669, 47.291206
1.853418, 50.9497008
-1.1394385, 46.1596827
6.332197, 46.321703
3.248204, 50.499467
2.04052, 48.768439
-1.00448183, 43.74388461
4.622407, 45.886772
4.77013288, 45.75229512
-1.6577367, 47.2047239
3.198177, 45.741532
5.408694, 43.3187614
2.1794052, 48.4328564
2.42793339, 48.85179777
3.08361144, 50.63623778
-1.3033609, 43.66038696
2.8279058, 50.5099639
4.1616143, 43.513984
2.1865065, 48.8021387
-1.3192389, 43.6567906
-0.7355344, 44.8915478
7.5561455, 48.6096202
-0.5681146, 47.4836525
6.99637267, 48.21792399
2.0372873, 44.3508052
2.6199218, 42.669632
1.38392307, 43.57267666
6.26745757, 46.1168845
3.1627842, 50.538001
5.3317054, 43.6707074
6.4237037, 43.5604328
7.0804311, 43.6179099
1.48809388, 43.57788737
0.99676675, 49.34809731
5.1592745, 46.6466854
6.2292056, 44.0855105
4.82785213, 43.95521334
1.07261062, 49.41789065
4.97200198, 43.50151432
3.218017, 48.758761
1.022329, 49.277337
-1.6728394, 48.1587507
2.51776875, 48.62106405
0.46574, 47.26177
5.0276618, 46.7523785
6.840615, 47.481724
-1.4677593, 47.2665467
-2.13264843, 47.1140535
2.5636057, 48.7281122
0.1562369, 45.648377
5.856158, 45.951945
1.46527, 48.437043
5.735164, 45.17404807
4.774609, 43.957326
9.414215, 42.6579849
2.89062094, 50.44885038
1.0595526, 49.4565433
3.083497, 48.813071
3.35717124, 46.39088169
1.6717051, 49.2059118
-4.5083777, 48.493947
-2.568365, 48.491468
3.1506211, 48.97502086
-0.3386551, 45.6946604
0.22823129, 49.56261684
5.29792, 43.62126
3.2880766, 48.19716018
-0.563166, 47.478419
2.04872618, 48.92656896
2.39809906, 48.87596511
-1.167062, 46.454772
7.3750808, 48.0955371
-2.517322, 48.468637
1.492751, 48.398145
-1.98661661, 48.65877487
-3.47620453, 48.66390993
0.681278, 47.383331
4.4739441, 50.8375499
3.148719, 50.67732
1.9839694, 46.9392761
2.488106, 48.6131855
3.89344236, 43.59432362
2.2708317, 50.9163983
2.40503248, 48.75371658
5.9153758, 43.1347696
0.936561, 49.10637933
7.66646589, 48.49225604
3.09846235, 45.7956008
-0.7063577, 44.8685849
2.23552555, 48.98550947
1.957501, 43.255125
3.115632, 50.746301
-1.6388922, 47.177445
7.28336004, 47.76212379
6.3009745, 46.1858112
-1.0589409, 44.6375819
5.15710027, 45.60665749
1.39273427, 43.59159067
5.494701, 43.844659
6.786071, 48.059908
-1.72873118, 48.02162429
-0.45512562, 49.22603384
-0.3847188, 43.4045827
-1.579207, 49.545715
-0.895018, 47.069758
5.0817721, 43.7523958
3.187303, 45.72058
2.4104109, 48.88828337
-0.8088777, 47.5504383
-2.9620766, 47.6736814
0.9850837, 47.4124598
3.8705383, 43.6164439
4.71661031, 44.36390833
2.13089597, 48.88291928
1.4866348, 43.5964093
1.06722422, 43.1968632
1.74145315, 46.9184739
7.2643016, 43.7266175
8.66815308, 41.97472339
-1.6717651, 47.4713586
3.8280392, 43.6516815
2.8348791, 42.5257646
2.16955552, 44.38357042
3.177847, 50.6927049
5.09323537, 45.00499142
1.5849073, 45.3364261
5.345182, 45.9016836
-1.6529804, 46.7389081
-0.3696096, 43.2981045
1.68145384, 47.82156473
-1.52435956, 47.26729147
-1.00514288, 46.14044893
2.7174788, 48.6585483
3.1477794, 50.4798315
-0.56032753, 44.86168499
1.799084, 43.026924
0.1562369, 45.648377
2.78375003, 48.98130568
1.9442202, 48.8300795
5.3878535, 43.2658841
2.032871, 44.608288
1.842726, 44.646963
2.032871, 44.608288
5.705592, 45.1889162
2.9610701, 50.4977562
3.451137, 43.5660074
-0.5260631, 44.8773559
6.9248195, 48.2895217
6.22869991, 44.46808015
2.3999284, 49.8744837
-0.5260631, 44.8773559
-0.2703248, 49.284079
2.90375, 50.393268
-1.046042, 49.26818
0.8988369, 49.15151637
0.339989, 46.549591
1.4775069, 43.352627
-1.6556614, 47.1753692
-1.79480635, 46.50294323
-1.0133429, 49.2746426
-0.216029, 45.79972
-1.558064, 47.2323779
5.86437142, 43.12521439
3.0883443, 43.1064858
4.94189171, 44.85864409
4.084528, 45.8854029
-2.6211053, 48.2806931
2.2229347, 48.818771
5.14990825, 45.62940412
-2.26531298, 48.5288127
3.991297, 46.046006
0.11649317, 48.40963845
0.11632151, 48.40969543
6.4535784, 45.6032337
3.85660613, 43.53505198
0.73871748, 44.41168068
1.6142751, 50.7239724
-2.08152283, 48.13431473
7.17304181, 43.66063311
-1.61726738, 47.17274176
-1.17425624, 46.16989111
4.026881, 49.277038
7.55237224, 48.44689798
2.474873, 48.7424904
-1.39094976, 47.38147851
4.3782012, 50.8156228
6.15505299, 49.05970922
5.8948481, 43.0835071
-1.5623515, 47.2129584
5.0605576, 47.2831216
1.59657324, 43.48825828
4.9853473, 43.9792109
1.4084427, 43.7270456
-0.4060795, 45.6960966
0.13761164, 45.63010378
-1.4069706, 47.0791064
-0.913209, 45.59939
2.12885593, 43.91573548
1.45850085, 43.60549844
5.0038669, 47.291206
3.88264965, 48.51433616
5.0339933, 47.3255506
-0.8200603, 49.0764224
4.8217545, 45.705516
1.9345068, 50.9461333
-0.2558397, 46.64547095
2.4891879, 48.9113587
1.497117, 48.670325
2.90373789, 43.28088486
2.5163743, 48.7947427
-4.48617166, 48.399888
2.338542, 43.216382
2.420273, 48.7733584
1.3240301, 44.032588
5.9001198, 45.2598706
0.4006628, 47.7107325
2.6687048, 48.7919822
4.8103042, 45.5830211
55.46863322, -21.33282198
1.099049, 43.754211
1.4621782, 43.5957318
2.50985309, 43.31930208
1.8555514, 48.4972974
2.45049766, 43.21443869
7.30439, 43.733121
3.233229, 49.626339
5.92762097, 45.90151586
0.71701317, 45.18885578
2.67575659, 48.76798215
6.84177195, 45.90000775
-0.554149, 44.8772685
4.7452786, 44.5576027
-0.4315202, 43.3343323
6.5355159, 46.0632422
5.0634748, 47.1828483
-4.2531351, 47.8235599
0.5564516, 44.4024359
4.7269006, 45.9802826
5.2809314, 43.4215153
2.36345683, 48.89331564
-0.56939744, 44.81663376
-0.7078346, 47.4304269
1.43013031, 45.21278553
-0.608004, 43.188189
2.9531928, 50.42534867
-0.3293756, 45.6882061
-1.4687568, 46.4387124
-0.89599854, 45.69135155
1.35968957, 49.6006746
6.63103329, 43.25713944
-1.55392897, 47.22333842
-1.3244027, 48.051236
4.3783555, 43.8397457
0.28878404, 46.43724537
2.245171, 48.5801471
2.4489671, 48.8906809
3.8600748, 43.6411278
3.060868, 48.452553
5.37965102, 43.29001243
2.4561799, 48.942215
5.140454, 47.398198
-0.27557658, 49.11703333
2.0457617, 49.0427659
3.3190632, 49.5179312
2.6707915, 48.5479354
-1.5573214, 48.1192356
2.4178817, 48.7691576
1.1711213, 43.640256
-3.92489885, 47.87998943
2.3976542, 48.8669058
4.97080813, 45.50923221
2.4512332, 48.6474972
6.1764974, 49.371682
-0.6167667, 47.4610522
2.9085698, 49.2337164
-0.3578795, 49.1707946
0.3341659, 47.8702326
3.095402, 45.748313
6.75991372, 47.56755265
3.0770001, 45.7937929
-0.52602795, 44.87027203
0.69353188, 48.73642283
-1.4191013, 47.4132883
3.353589, 50.315201
2.706982, 48.4157378
0.56861941, 43.0864666
1.8597675, 48.7143148
1.60366627, 42.96518307
-4.44955919, 48.39829782
-0.7142827, 47.62433394
-2.5490029, 48.4289282
2.57372445, 50.52827586
0.716662, 47.3465331
5.92086036, 43.07866129
4.7646362, 43.9621608
3.7365166, 45.5505634
55.2851969, -21.0542557
6.167777, 48.6881407
-3.42290907, 47.7391612
3.2075662, 50.3044289
3.568649, 47.137166
0.277972, 45.481595
-0.33800033, 49.20193082
1.429013, 47.4189099
1.4566559, 43.6171823
5.8670405, 43.0923276
-0.4444075, 43.3408284
2.414202, 49.376086
0.2967885, 48.075681
0.239774, 46.063186
4.7170597, 45.7370002
3.2521058, 50.1758522
5.0612155, 45.0397367
-3.5107522, 47.8474088
5.8114995, 49.677544
-2.6883287, 47.576577
3.0744541, 49.6336222
2.255348, 48.7748823
-1.20553928, 48.1194258
4.3904219, 43.8324293
5.45579608, 43.43987422
2.1537692, 48.8515032
7.7697856, 48.5900622
2.2074579, 48.8959116
-0.17282798, 45.41656545
2.3670852, 48.5516269
3.322169, 45.396242
-1.6640054, 47.1835227
-0.535496, 44.845085
2.2881588, 48.8875969
0.16569, 47.927605
4.11955725, 50.29462972
-1.6691528, 48.1371085
-0.557386, 48.1312241
4.8891808, 45.7548613
2.0435413, 47.5887282
2.2970449, 48.750585
-0.6031046, 44.8633481
-0.36142141, 47.84922952
-1.09340171, 46.15643891
-1.44312045, 46.66633525
4.8062704, 45.7144058
5.23957693, 46.21235462
-0.5173997, 44.8448444
3.03439293, 50.62872367
-0.5265513, 47.4751243
2.6676095, 50.6134846
2.4051459, 47.083707
-1.115202, 47.230659
0.882908, 49.52309
-4.42709178, 48.53584244
-0.54178653, 44.77364463
1.3818271, 43.8368734
0.7572994, 49.618548
-0.91882065, 43.78942742
-1.596938, 47.2072548
1.6210327, 47.7613204
-0.6433355, 44.869029
-1.469518, 48.415309
-1.18022322, 46.76693955
5.00122878, 45.64274082
5.408694, 43.3187614
4.66309082, 43.79985505
-3.73407105, 47.82791656
2.6435104, 50.5401076
6.01864688, 43.10930316
-0.51976651, 44.87841659
1.84296532, 44.29438307
3.1674324, 49.03101004
1.428048, 43.7823819
6.14074817, 43.11547177
1.408193, 49.4243979
2.3309692, 48.6843153
0.109854, 49.486821
-0.4419, 46.389307
-4.511664, 48.560576
-0.684355, 44.741163
2.315205, 48.7052832
-0.7585232, 47.409027
-0.95863438, 45.86972223
2.3821512, 48.8627029
1.5746069, 43.5044178
1.214367, 44.505746
4.9765061, 43.5041922
5.0301357, 43.6962894
4.4622046, 46.80911576
-1.602428, 47.2133852
4.8569131, 44.3380687
4.7187265, 49.7751881
6.4888709, 46.379688
4.912185, 44.9432453
1.98609504, 48.78593497
4.5035686, 50.87212616
6.0249361, 43.2051846
2.1460113, 43.9289105
2.2276421, 49.1143706
4.8873338, 45.73606284
-0.28066053, 43.35961621
-0.2695174, 46.3708675
