lon, lat
2.39150944, 48.86110017
2.51358077, 48.98914899
2.39150944, 48.86110017
2.39150944, 48.86110017
2.39150944, 48.86110017
2.39150944, 48.86110017
2.39150944, 48.86110017
2.36288845, 48.85731939
2.36288845, 48.85731939
2.36288845, 48.85731939
2.36288845, 48.85731939
2.36288845, 48.85731939
2.36288845, 48.85731939
2.36288845, 48.85731939
2.36288845, 48.85731939
2.36288845, 48.85731939
2.36288845, 48.85731939
2.36288845, 48.85731939
2.29811714, 48.8590256
2.36288845, 48.85731939
2.36288845, 48.85731939
2.36288845, 48.85731939
2.36288845, 48.85731939
2.36288845, 48.85731939
2.86667, 48.95
2.87778, 48.9616585
2.3508, 48.8567
2.3508, 48.8567
2.3508, 48.8567
2.3708701, 48.863121
2.3708701, 48.863121
2.3708701, 48.863121
2.3708701, 48.863121
2.3708701, 48.863121
2.3708701, 48.863121
2.3708701, 48.863121
2.3708701, 48.863121
2.3708701, 48.863121
2.86667, 48.95
2.86667, 48.95
2.3508, 48.8567
10.93913271, 45.51709593
10.93910002, 45.51706577
10.939119, 45.517084
