lon, lat
2.35611111, 48.85611111
2.35611111, 48.85611111
2.35611111, 48.85611111
2.35611111, 48.85611111
2.38853193, 48.89906025
2.38853193, 48.89906025
2.34267665, 48.86281378
2.34267665, 48.86281378
2.34267665, 48.86281378
2.34267665, 48.86281378
2.34267665, 48.86281378
2.34267665, 48.86281378
2.3400199, 48.8631401
2.3400199, 48.8631401
2.3400199, 48.8631401
2.3400199, 48.8631401
2.3251901, 48.853611
2.36418438, 48.86746503
2.36418438, 48.86746503
2.36418438, 48.86746503
2.37166667, 48.87777778
2.37166667, 48.87777778
2.37136275, 48.87798451
2.37136275, 48.87798451
2.31811128, 48.86147212
2.3278601, 48.8693199
2.3278601, 48.8693199
2.330754, 48.859047
2.32611111, 48.86388889
2.29379317, 48.86804458
2.29379317, 48.86804458
2.29379317, 48.86804458
2.29379317, 48.86804458
2.29379317, 48.86804458
2.29379317, 48.86804458
2.29379317, 48.86804458
2.29494925, 48.86468082
2.29494925, 48.86468082
2.29494925, 48.86468082
2.29706, 48.8646317
2.29706, 48.8646317
2.29706, 48.8646317
2.35916667, 48.86277778
2.35916667, 48.86277778
2.35916667, 48.86277778
2.359071, 48.858122
2.359071, 48.858122
2.3510799, 48.875351
2.3508, 48.8567
2.3508, 48.8567
2.32143, 48.8683701
2.32143, 48.8683701
2.29083333, 48.855
2.29083333, 48.855
2.29083333, 48.855
2.35338356, 48.85748905
2.35338356, 48.85748905
2.35338356, 48.85748905
2.35338356, 48.85748905
2.35338356, 48.85748905
2.3736801, 48.8811989
2.30885825, 48.86700898
2.36077913, 48.86287169
2.36077913, 48.86287169
2.36077913, 48.86287169
2.30885825, 48.86700898
2.30886848, 48.8669673
2.30885825, 48.86700898
2.33851631, 48.8657586
2.33851631, 48.8657586
2.33851631, 48.8657586
2.33851631, 48.8657586
2.33851631, 48.8657586
2.33851631, 48.8657586
2.33851631, 48.8657586
2.33851631, 48.8657586
2.33851631, 48.8657586
2.33851631, 48.8657586
2.3083501, 48.8549881
2.3083501, 48.8549881
2.3083501, 48.8549881
2.3032701, 48.8656693
2.3048427, 48.8707848
2.3048427, 48.8707848
2.3048427, 48.8707848
2.3048427, 48.8707848
2.3048427, 48.8707848
2.3048427, 48.8707848
2.3048427, 48.8707848
2.3048427, 48.8707848
2.3048427, 48.8707848
2.3048427, 48.8707848
2.3048427, 48.8707848
2.30321356, 48.86571307
2.30675329, 48.87695422
2.30675329, 48.87695422
2.30675329, 48.87695422
2.30675329, 48.87695422
2.30675329, 48.87695422
2.23859745, 48.89099558
2.30348902, 48.8713351
2.30348902, 48.8713351
