lon, lat
2.47829258, 48.92036533
2.49041631, 48.90878921
2.47731934, 48.91588906
2.34684401, 48.8359076
2.3490129, 48.83384292
2.34913504, 48.8337136
2.34688753, 48.83587757
2.34380413, 48.83506193
2.50035279, 48.91580222
2.50107313, 48.91538215
2.50635245, 48.91273128
2.50446096, 48.91366494
2.5061982, 48.91244907
2.50800911, 48.9120337
2.51204116, 48.91399294
2.50600604, 48.91282457
2.50732022, 48.912706
2.50684453, 48.91276369
2.50727128, 48.91272193
2.50606403, 48.9128323
2.50628863, 48.91271886
2.50609693, 48.91244125
2.5027376, 48.91535142
2.49718627, 48.9182096
2.50661227, 48.91263115
2.50717979, 48.91271023
2.50648879, 48.91255772
2.507059, 48.91270403
2.51330561, 48.91435644
2.37909276, 48.84875929
2.38233865, 48.84850739
2.37928447, 48.84877019
2.38706091, 48.84869355
2.38459325, 48.84659613
2.48102004, 48.9113237
2.50724332, 48.91232852
2.49736912, 48.91783811
2.50750406, 48.91266712
2.48878304, 48.90935908
2.50758785, 48.91227546
2.50986765, 48.91406555
2.495343, 48.91896338
2.50746542, 48.91268345
2.50643869, 48.91297027
2.50753892, 48.91266264
2.49956206, 48.9113987
2.48668905, 48.90911938
2.50688924, 48.91272539
2.50648744, 48.91276418
2.50693476, 48.91273708
2.50753578, 48.91266249
2.4880339, 48.9095646
2.50759087, 48.91260051
2.50617395, 48.91264739
2.50731881, 48.91266547
2.50768172, 48.9124253
2.50745663, 48.91266697
2.50598634, 48.91274462
2.50620912, 48.91239725
2.38104367, 48.83901978
2.28717277, 48.84755152
2.27745577, 48.87367463
2.28186579, 48.8813363
2.28354491, 48.88449683
2.27773129, 48.87899051
2.27933325, 48.8784809
2.28330688, 48.88454147
2.28252779, 48.88247266
2.28178713, 48.8811599
2.50611055, 48.9126718
2.50622613, 48.91265612
2.50802551, 48.91249438
2.50053522, 48.91707744
2.50828655, 48.91202311
2.50565917, 48.9127846
2.50916188, 48.9114985
2.50754929, 48.91255448
2.5062548, 48.91285613
2.50743519, 48.91262415
2.48481784, 48.90978651
2.50783138, 48.91251108
2.50714284, 48.91177963
2.506146, 48.91285126
2.50782783, 48.91252163
2.50580431, 48.91341508
2.30607472, 48.82210432
2.32348277, 48.84754921
2.32312462, 48.84877315
2.32315482, 48.84796059
2.31702472, 48.81724744
2.50622409, 48.91288676
2.50784336, 48.91227281
2.5080254, 48.91223795
2.50645397, 48.91270108
2.50612367, 48.9127877
2.50622675, 48.9126264
2.50773468, 48.91229974
2.50571044, 48.91248706
2.50916153, 48.91185132
2.50630188, 48.91276984
