lon, lat
-4.46188716, 36.69775052
-3.7381001, 40.4147415
-3.6858301, 40.4312592
-16.72305147, 28.11511025
-16.72305147, 28.11511025
-16.72305147, 28.11511025
-16.72305147, 28.11511025
-16.72305147, 28.11511025
-3.56083333, 40.47222222
-3.69714, 40.4478607
-3.68906, 40.4206581
2.26382122, 48.87630681
-3.69802, 40.4511299
-4.02388889, 39.85708333
-3.688056, 40.452778
-3.68906, 40.4206581
-3.69319068, 40.42709346
-3.69256, 40.4518013
-3.7102396, 40.4956394
-3.68906, 40.4206581
-3.6924595, 40.4466221
-3.723704, 40.43211312
-3.71060722, 40.41825071
-3.69556363, 40.42318201
-3.61724385, 40.55767978
-3.68906, 40.4206581
-3.69714, 40.4478607
