lon, lat
2.330521, 48.84433
2.375597, 48.867603
2.3529442, 48.8801532
2.348399, 48.895157
2.343495, 48.872137
2.329096, 48.871347
2.344293, 48.87408
2.337348, 48.878233
2.336414, 48.882976
2.342767, 48.872355
1.113792, 49.445799
2.345721, 48.859698
2.3506831, 48.8708826
2.3442788, 48.8740733
2.336414, 48.882976
2.293898, 48.827827
2.34571, 48.8671
3.884606, 43.588579
2.339936, 48.844499
4.834428, 45.770825
4.828717, 45.769682
2.278995, 48.874935
4.83556309, 45.77695681
2.392336, 48.855912
2.3506831, 48.8708826
4.838866, 45.744003
2.345148, 48.875263
2.322201, 48.843701
4.837526, 45.771171
4.890562, 44.929343
2.366387, 48.868199
2.34048, 48.890767
2.336614, 48.878986
2.344856, 48.874204
2.330477, 48.878451
2.3442788, 48.8740733
2.326488, 48.883812
2.356833, 48.857824
2.362269, 48.867919
2.366387, 48.868199
2.334908, 48.881114
2.356833, 48.857824
2.337737, 48.881346
2.339936, 48.844499
1.435043, 43.620931
2.322201, 48.843701
2.337737, 48.881346
2.335404, 48.86839
2.324488, 48.841642
7.276496, 43.695709
2.322389, 48.840522
2.3506831, 48.8708826
2.371183, 48.900177
-0.573475, 44.844717
2.336614, 48.878986
2.3442788, 48.8740733
-0.5769711, 44.8540178
2.705644, 48.881327
2.343495, 48.872137
2.336414, 48.882976
2.354591, 48.870488
2.368137, 48.86932
2.333667, 48.881966
2.337737, 48.881346
2.368137, 48.86932
2.366387, 48.868199
2.3442788, 48.8740733
1.4152503, 43.663616
2.370815, 48.863063
2.324488, 48.841642
2.326488, 48.883812
2.348837, 48.870802
2.325454, 48.873293
2.357782, 48.866379
2.36202244, 48.86765385
2.349982, 48.851482
2.356833, 48.857824
2.357782, 48.866379
2.345262, 48.873513
4.83556309, 45.77695681
2.323983, 48.839501
2.34048, 48.890767
2.325454, 48.873293
2.344874, 48.871392
2.356415, 48.869088
4.834629, 45.768725
2.337737, 48.881346
3.878743, 43.613749
2.161347, 48.885787
2.366387, 48.868199
4.83556309, 45.77695681
2.392336, 48.855912
2.366387, 48.868199
2.369996, 48.868397
2.335263, 48.867867
2.3529442, 48.8801532
4.83556309, 45.77695681
2.335404, 48.86839
2.327751, 48.871597
2.337737, 48.881346
2.278995, 48.874935
2.288023, 48.871773
2.375597, 48.867603
2.375597, 48.867603
2.329506, 48.879445
2.356833, 48.857824
2.345441, 48.867953
2.331211, 48.875399
2.372488, 48.853798
2.337737, 48.881346
2.382658, 48.862742
2.329506, 48.879445
7.276088, 43.703494
5.3928221, 43.2949557
2.337082, 48.865133
2.289882, 48.910897
2.343495, 48.872137
2.322389, 48.840522
2.343041, 48.883086
4.828325, 45.76991
2.375796, 48.855218
2.357405, 48.858723
5.447765, 43.5349429
2.322201, 48.843701
2.345262, 48.873513
7.276435, 43.698035
2.348399, 48.895157
2.3344967, 48.8872584
5.843729, 43.09348
1.3535602, 43.5882596
2.323382, 48.840078
2.324488, 48.841642
2.382658, 48.862742
2.392336, 48.855912
2.321497, 48.804361
3.056843, 50.629634
2.329506, 48.879445
2.382658, 48.862742
2.325706, 48.873225
2.27008, 48.884015
2.3192, 48.882004
2.36202244, 48.86765385
7.282751, 43.706039
3.056843, 50.629634
2.366387, 48.868199
2.345262, 48.873513
2.336655, 48.88156
2.375796, 48.855218
2.329506, 48.879445
2.387388, 48.862921
2.326488, 48.883812
2.362269, 48.867919
-0.571528, 44.832388
2.36202244, 48.86765385
2.27008, 48.884015
2.348823, 48.844421
2.335404, 48.86839
2.322201, 48.843701
2.348447, 48.864986
2.353093, 48.859804
2.337082, 48.865133
2.336655, 48.88156
2.368137, 48.86932
4.8053975, 43.9472111
2.356833, 48.857824
2.36202244, 48.86765385
2.301602, 48.865948
2.356415, 48.869088
2.345441, 48.867953
2.348271, 48.870731
2.349982, 48.851482
2.348823, 48.844421
2.366387, 48.868199
2.344293, 48.87408
4.805193, 43.944624
2.344293, 48.87408
2.323382, 48.840078
2.394902, 48.868248
2.391355, 48.850513
2.322201, 48.843701
2.325623, 48.873275
3.867943, 43.602824
2.36202244, 48.86765385
2.336414, 48.882976
2.362269, 48.867919
1.435043, 43.620931
2.366387, 48.868199
-0.571528, 44.832388
1.435043, 43.620931
2.330477, 48.878451
1.441182, 43.611633
2.322389, 48.840522
2.227435, 48.785067
2.356833, 48.857824
4.825474, 45.759488
2.343041, 48.883086
2.322389, 48.840522
2.354358, 48.854794
3.878743, 43.613749
2.389, 48.870403
2.336414, 48.882976
2.325454, 48.873293
2.362269, 48.867919
2.211512, 48.898168
2.329506, 48.879445
2.36202244, 48.86765385
2.366387, 48.868199
2.367587, 48.863537
2.3344967, 48.8872584
2.3442788, 48.8740733
7.276435, 43.698035
2.3442788, 48.8740733
2.382113, 48.887981
2.400696, 47.085777
7.276435, 43.698035
2.278995, 48.874935
2.374811, 48.861448
2.257919, 48.858468
2.354571, 48.869892
2.342088, 48.871403
2.310194, 48.825143
2.329506, 48.879445
2.326488, 48.883812
2.359927, 48.868191
1.264831, 45.828958
2.375796, 48.855218
2.332611, 48.865367
7.285458, 43.703019
2.374618, 48.865825
4.83556309, 45.77695681
2.346643, 48.852063
2.32902, 48.880363
2.345441, 48.867953
2.351702, 48.895154
2.330477, 48.878451
2.359927, 48.868191
4.806839, 43.94513
2.359927, 48.868191
2.330521, 48.84433
2.289882, 48.910897
2.36202244, 48.86765385
2.329506, 48.879445
2.3442788, 48.8740733
2.348837, 48.870802
2.344874, 48.871392
4.83556309, 45.77695681
7.122337, 43.657892
2.357782, 48.866379
-1.153427, 46.163442
2.322201, 48.843701
-0.578163, 44.842207
5.370604, 43.293046
2.367587, 48.863537
2.329506, 48.879445
4.834629, 45.768725
3.878743, 43.613749
2.322173, 48.843764
2.344874, 48.871392
2.366387, 48.868199
2.332092, 48.868645
2.336414, 48.882976
2.333156, 48.882907
2.337261, 48.887564
2.283198, 48.878502
4.825474, 45.759488
2.391355, 48.850513
2.349202, 48.851593
2.3442788, 48.8740733
2.366387, 48.868199
2.336414, 48.882976
2.3442788, 48.8740733
7.27822693, 43.69748941
2.336655, 48.88156
2.378036, 48.861708
2.343041, 48.883086
2.322389, 48.840522
2.345262, 48.873513
2.404133, 48.855927
1.435043, 43.620931
3.878743, 43.613749
2.348399, 48.895157
2.345441, 48.867953
2.348823, 48.844421
4.825474, 45.759488
2.371183, 48.900177
2.348399, 48.895157
7.274659, 43.696986
5.058882, 47.355424
2.325454, 48.873293
2.356833, 48.857824
2.336655, 48.88156
7.285458, 43.703019
2.3338768, 48.8838723
2.356833, 48.857824
2.3442788, 48.8740733
2.366387, 48.868199
2.3506831, 48.8708826
1.435043, 43.620931
2.325706, 48.873225
2.302794, 48.865917
2.362269, 48.867919
7.27822693, 43.69748941
2.34571, 48.8671
2.325454, 48.873293
2.3442788, 48.8740733
2.348837, 48.870802
2.378036, 48.861708
2.329506, 48.879445
2.389, 48.870403
2.337571, 48.87736
1.294852, 43.771151
-0.571528, 44.832388
2.352944, 48.880153
2.348447, 48.864986
2.3442788, 48.8740733
2.327685, 48.89097
-0.573611, 44.862799
2.329506, 48.879445
-0.571528, 44.832388
2.36202244, 48.86765385
-1.557944, 47.21719
2.34571, 48.8671
2.359927, 48.868191
4.834629, 45.768725
2.370154, 48.858872
2.353942, 48.859587
2.325706, 48.873225
2.336327, 48.878833
2.349982, 48.851482
2.382251, 48.866776
2.353093, 48.859804
2.356833, 48.857824
4.836781, 45.762712
2.366387, 48.868199
4.834629, 45.768725
4.8053975, 43.9472111
2.391355, 48.850513
3.24191, 50.683198
2.348823, 48.844421
2.346643, 48.852063
2.348837, 48.870802
2.278995, 48.874935
2.357405, 48.858723
7.285458, 43.703019
2.343495, 48.872137
2.325706, 48.873225
2.3442788, 48.8740733
2.354571, 48.869892
2.359927, 48.868191
4.825859, 45.759671
3.9265588, 43.6669339
2.375796, 48.855218
2.343041, 48.883086
5.447765, 43.5349429
2.357782, 48.866379
2.382658, 48.862742
5.453388, 43.528996
4.838866, 45.744003
2.366387, 48.868199
2.3442788, 48.8740733
2.288742, 48.837251
2.367587, 48.863537
4.825474, 45.759488
2.344293, 48.87408
2.352944, 48.880153
3.162845, 46.990896
2.336614, 48.878986
2.337737, 48.881346
2.345262, 48.873513
2.329506, 48.879445
2.348399, 48.895157
2.310194, 48.825143
1.3535602, 43.5882596
4.825859, 45.759671
2.342088, 48.871403
2.39315, 48.885922
2.348399, 48.895157
2.322201, 48.843701
5.196309, 46.168826
4.836781, 45.762712
-1.572134, 47.202899
1.3535602, 43.5882596
2.324908, 48.843638
5.41673573, 43.28138536
2.327751, 48.871597
5.405561, 43.303476
2.323983, 48.839501
2.348399, 48.895157
2.344874, 48.871392
7.285458, 43.703019
2.336414, 48.882976
2.330477, 48.878451
2.329506, 48.879445
2.330521, 48.84433
2.326488, 48.883812
2.345441, 48.867953
2.343041, 48.883086
7.02890997, 43.54867559
2.49364, 48.838325
2.334908, 48.881114
2.330477, 48.878451
2.329506, 48.879445
2.382658, 48.862742
2.3442788, 48.8740733
2.357782, 48.866379
2.338913, 48.855288
2.310194, 48.825143
2.330521, 48.84433
2.322173, 48.843764
2.353093, 48.859804
4.836781, 45.762712
4.834629, 45.768725
2.329506, 48.879445
2.277675, 48.854604
4.834428, 45.770825
5.196309, 46.168826
2.342088, 48.871403
2.331618, 48.878573
2.366387, 48.868199
2.339936, 48.844499
2.351702, 48.895154
2.359927, 48.868191
2.323382, 48.840078
2.3506831, 48.8708826
2.322389, 48.840522
2.329506, 48.879445
2.278995, 48.874935
2.325706, 48.873225
2.333667, 48.881966
2.345262, 48.873513
5.370604, 43.293046
2.348447, 48.864986
2.35595, 48.863333
2.3529442, 48.8801532
2.324488, 48.841642
2.336414, 48.882976
2.3442788, 48.8740733
2.329506, 48.879445
2.322173, 48.843764
3.884606, 43.588579
2.3506831, 48.8708826
2.371183, 48.900177
2.381588, 48.875032
2.3017243, 48.8301506
2.353093, 48.859804
2.359927, 48.868191
2.348399, 48.895157
2.348837, 48.870802
2.346643, 48.852063
2.322173, 48.843764
2.366387, 48.868199
2.3442788, 48.8740733
2.325454, 48.873293
2.329506, 48.879445
5.358332, 43.419939
2.343041, 48.883086
2.362269, 48.867919
5.38936, 43.269448
2.337348, 48.878233
4.836781, 45.762712
2.323382, 48.840078
2.344204, 48.893592
2.364257, 48.853438
3.007917, 43.191413
2.325706, 48.873225
2.391355, 48.850513
2.348399, 48.895157
2.337737, 48.881346
2.346326, 48.870195
5.370604, 43.293046
2.356833, 48.857824
2.362269, 48.867919
2.34048, 48.890767
2.3325973, 48.8660495
3.878743, 43.613749
2.34048, 48.890767
5.358332, 43.419939
2.342088, 48.871403
2.345262, 48.873513
4.826509, 45.766716
2.344874, 48.871392
2.322173, 48.843764
3.878743, 43.613749
3.9265588, 43.6669339
5.358332, 43.419939
2.325706, 48.873225
-0.573475, 44.844717
2.411566, 48.841553
2.331618, 48.878573
2.299849, 48.872773
2.329096, 48.871347
2.329506, 48.879445
2.30536, 48.848438
2.227435, 48.785067
2.325706, 48.873225
2.331211, 48.875399
2.345441, 48.867953
4.825859, 45.759671
2.348823, 48.844421
-0.578163, 44.842207
2.342088, 48.871403
2.348399, 48.895157
2.3192, 48.882004
2.352944, 48.880153
2.27008, 48.884015
2.344874, 48.871392
2.366387, 48.868199
2.333156, 48.882907
2.3192, 48.882004
2.331618, 48.878573
2.331618, 48.878573
2.322389, 48.840522
2.366387, 48.868199
2.353093, 48.859804
2.351702, 48.895154
4.8053975, 43.9472111
4.825474, 45.759488
2.345148, 48.875263
2.322173, 48.843764
2.357782, 48.866379
2.366387, 48.868199
2.392336, 48.855912
2.34571, 48.8671
2.342767, 48.872355
2.351702, 48.895154
2.348837, 48.870802
2.336655, 48.88156
2.342088, 48.871403
4.828717, 45.769682
2.377342, 48.852167
2.3442788, 48.8740733
2.36202244, 48.86765385
4.83556309, 45.77695681
2.322201, 48.843701
2.345441, 48.867953
2.378, 48.810878
2.343495, 48.872137
2.329506, 48.879445
5.370604, 43.293046
2.354571, 48.869892
2.32321, 48.839324
2.347487, 48.870564
3.884606, 43.588579
2.352944, 48.880153
2.3442788, 48.8740733
2.343495, 48.872137
2.330477, 48.878451
2.329506, 48.879445
2.29388, 48.853691
2.351702, 48.895154
1.435043, 43.620931
4.8053975, 43.9472111
2.342761, 48.883356
2.3442788, 48.8740733
2.356415, 48.869088
2.32321, 48.839324
2.366387, 48.868199
2.348823, 48.844421
4.838866, 45.744003
3.884606, 43.588579
2.345441, 48.867953
3.288802, 49.845247
2.370154, 48.858872
2.353093, 48.859804
2.342088, 48.871403
2.348823, 48.844421
2.348823, 48.844421
2.319205, 48.878767
2.381588, 48.875032
2.374618, 48.865825
2.347531, 48.855555
7.276496, 43.695709
2.326488, 48.883812
2.334908, 48.881114
-0.573475, 44.844717
2.33667, 48.884428
2.362269, 48.867919
2.347531, 48.855555
7.122337, 43.657892
2.352944, 48.880153
4.363403, 43.835322
4.834629, 45.768725
4.825859, 45.759671
3.24191, 50.683198
5.447765, 43.5349429
2.348399, 48.895157
2.345441, 48.867953
2.330477, 48.878451
2.343495, 48.872137
3.056843, 50.629634
2.366387, 48.868199
2.329506, 48.879445
2.329506, 48.879445
2.331618, 48.878573
4.828325, 45.76991
2.343495, 48.872137
2.3442788, 48.8740733
2.348399, 48.895157
2.356972, 48.870619
2.345262, 48.873513
