lon, lat
2.35889932, 48.85779001
2.33333, 48.85083
2.33472222, 48.85111111
2.3708701, 48.863121
2.33172081, 48.87337081
2.30348902, 48.8713351
2.30348902, 48.8713351
2.30348902, 48.8713351
2.30348902, 48.8713351
2.3508, 48.8567
2.3508, 48.8567
2.33172081, 48.87337081
2.31361111, 48.86361111
2.362, 48.86280556
2.36238, 48.8506889
2.36238, 48.8506889
2.36238, 48.8506889
2.36238, 48.8506889
2.3363172, 48.86182121
2.37012112, 48.89020695
2.37012112, 48.89020695
2.35889932, 48.85779001
2.35889932, 48.85779001
2.3363172, 48.86182121
2.32175253, 48.86591929
2.32175253, 48.86591929
2.33333333, 48.85388889
2.35603, 48.8573303
2.35603, 48.8573303
2.35638889, 48.85583333
2.3586034, 48.8581283
2.3586034, 48.8581283
2.3586034, 48.8581283
2.343059, 48.882839
2.34161667, 48.85744722
2.36488703, 48.85106313
2.33587105, 48.86351973
2.3624482, 48.8571548
2.36555556, 48.85555556
2.36221667, 48.8571
2.33707411, 48.86364304
2.32535, 48.8755608
2.2, 48.833333
2.22199136, 48.83057138
2.22199136, 48.83057138
2.22199136, 48.83057138
2.22199136, 48.83057138
2.2, 48.833333
2.2, 48.833333
2.2, 48.833333
2.3375, 48.85833333
2.34161667, 48.85744722
2.3375, 48.85833333
2.33630404, 48.8618099
2.2, 48.833333
2.2, 48.833333
2.3375, 48.85833333
-3.18333333, 47.33333333
-3.18333333, 47.33333333
-3.18333333, 47.33333333
-3.18333333, 47.33333333
-3.23766865, 47.30485808
-3.18333333, 47.33333333
-3.22750591, 47.30471908
2.3375, 48.85833333
2.34208333, 48.85888889
2.3378401, 48.8634911
2.34241922, 48.85336929
2.34161667, 48.85744722
2.34242778, 48.85653889
2.34242778, 48.85653889
2.35773332, 48.86020024
2.358407, 48.858013
2.3508, 48.8567
4.0900822, 43.78290069
4.0900822, 43.78290069
4.0900822, 43.78290069
4.14678377, 43.75408373
2.34241922, 48.85336929
2.3447299, 48.8638687
3.03951403, 42.85661066
3.03951736, 42.85661111
3.03951736, 42.85661111
3.03951736, 42.85661111
3.03951736, 42.85661111
3.03951736, 42.85661111
3.03951736, 42.85661111
2.3525, 48.86611111
2.34888617, 48.87064516
2.36369627, 48.86014306
2.33444444, 48.85388889
2.36384967, 48.83936314
2.35151, 48.86004
2.36212794, 48.86292907
2.33589429, 48.86179762
2.33401751, 48.86661099
2.34161667, 48.85744722
2.34242778, 48.85653889
2.37674568, 48.83537048
2.34161667, 48.85744722
2.33589429, 48.86179762
2.3375, 48.85833333
2.33877634, 48.8499059
7.74923563, 48.57940314
2.35932694, 48.87735389
2.34161667, 48.85744722
2.3375, 48.85833333
2.3375, 48.85833333
2.33589429, 48.86179762
2.33589429, 48.86179762
2.33583333, 48.86361111
2.33583333, 48.86361111
2.33566063, 48.86967484
3.03968804, 42.85672016
3.03968804, 42.85672016
3.03968804, 42.85672016
3.03968804, 42.85672016
3.03968804, 42.85672016
7.73922227, 48.58077267
7.73922227, 48.58077267
2.34877778, 48.85776389
2.34877778, 48.85776389
2.33589429, 48.86179762
2.33589429, 48.86179762
2.335812, 48.860854
2.3375, 48.85861111
2.3375, 48.85861111
2.33843591, 48.85485727
2.32111111, 48.86555556
2.33196721, 48.85533231
2.33888889, 48.85194444
2.33196721, 48.85533231
2.33196721, 48.85533231
2.340855, 48.853384
2.33694444, 48.86361111
-74.00619919, 40.74423968
2.33552608, 48.86146009
2.33589429, 48.86179762
2.3375, 48.85861111
2.34161667, 48.85744722
2.32665193, 48.85728281
2.28906654, 48.86228696
2.28906654, 48.86228696
2.31369423, 48.86339582
2.3375, 48.85861111
2.3416, 48.8551
2.32665193, 48.85728281
2.32471061, 48.85094982
2.33589429, 48.86179762
2.33589429, 48.86179762
2.335812, 48.860854
2.335812, 48.860854
2.34229224, 48.85664603
2.34833861, 48.85334705
2.34833861, 48.85334705
2.34833861, 48.85334705
2.33883228, 48.85373681
2.34031414, 48.85433953
2.33589307, 48.86352063
2.3375, 48.85861111
2.3375, 48.85861111
2.3375, 48.85861111
2.33589307, 48.86352063
2.335812, 48.860854
2.33317708, 48.85486806
2.34284127, 48.85320214
2.34833861, 48.85334705
2.30866101, 48.86365206
2.35664197, 48.86562878
2.34161667, 48.85744722
-74.0064, 40.7142
-74.0, 40.71666667
-73.98469991, 40.72765504
-73.99747521, 40.7308923
-73.98913524, 40.74171366
-74.0064, 40.7142
-74.0, 40.71666667
-73.97712251, 40.76147789
-73.996864, 40.706086
-73.996864, 40.706086
-74.0125, 40.71166667
-73.97891041, 40.75882679
-73.987218, 40.721761
-73.96695581, 40.77409899
-73.985131, 40.758895
2.59154948, 49.00505876
2.59154948, 49.00505876
