lon, lat
2.3513641, 48.86380793
2.35126822, 48.86679032
2.3512682, 48.86679104
2.3512682, 48.86679104
2.3512799, 48.86642718
2.34008571, 48.86856787
2.34461291, 48.86680928
2.32921732, 48.86881824
2.32921028, 48.86884066
2.35165233, 48.8668002
2.35165233, 48.8668002
2.35165227, 48.86679957
2.35139577, 48.86413673
2.3513641, 48.86380793
2.35136412, 48.86380811
2.35161633, 48.86642646
2.35014543, 48.86451311
2.35136417, 48.86380865
2.35164719, 48.86473646
2.35164815, 48.86675683
2.35165233, 48.8668002
2.35165233, 48.8668002
2.35014558, 48.86448744
2.35014469, 48.86448441
2.35165233, 48.8668002
2.28173092, 48.89622047
2.34531196, 48.8667883
2.35136411, 48.86380809
2.35136351, 48.86380882
2.3513644, 48.86380864
2.35014402, 48.8645188
2.28018885, 48.89728406
2.35200409, 48.86494343
2.35237121, 48.86219789
2.35236209, 48.86221008
2.35237126, 48.86219786
2.3405841, 48.8687848
2.34063456, 48.86880533
2.34459903, 48.86681711
2.3413276, 48.86866148
2.32696912, 48.86704735
2.32690793, 48.86684921
2.32689788, 48.86691002
2.32704332, 48.86680077
2.32704332, 48.86680077
2.34461292, 48.86680928
2.35170699, 48.86371451
2.35005646, 48.86454837
2.35011125, 48.86451055
2.35009708, 48.86453266
2.3500923, 48.86453743
2.35010387, 48.86452825
2.35007461, 48.86453958
2.34464174, 48.86680754
2.35012788, 48.86448642
2.35014424, 48.86447949
2.35009959, 48.86451138
2.35008722, 48.86451396
2.35005825, 48.8645272
2.3500556, 48.86453413
2.35007833, 48.86451773
2.35016345, 48.86446008
2.35009971, 48.86450298
2.35013875, 48.86451717
2.35010683, 48.86450885
2.35006943, 48.86452228
2.34502248, 48.86400787
2.34844547, 48.86623537
2.35015848, 48.86451777
2.35012382, 48.86450503
2.35014834, 48.8644888
2.35010337, 48.86451574
2.35006523, 48.86451764
2.35012203, 48.86449689
2.35012284, 48.86449851
2.35012175, 48.86447873
2.35015395, 48.86444349
2.35015395, 48.86444349
2.35015113, 48.86450959
2.28013856, 48.89732595
2.28019029, 48.89728365
2.2801848, 48.8972893
2.28023063, 48.89721248
2.35004189, 48.86451307
2.35008084, 48.86449912
2.35016669, 48.86449166
2.35012236, 48.86448485
2.35013201, 48.86449321
2.35014092, 48.86447683
2.28021461, 48.8972593
2.28008251, 48.89731086
2.3500853, 48.86452088
2.35226406, 48.86448039
2.35172812, 48.8668002
2.35371439, 48.85793404
2.35097565, 48.86249615
2.35108922, 48.8624498
2.3411357, 48.86855971
2.35011168, 48.86451893
2.35015917, 48.86449074
2.35018078, 48.86447511
2.3501019, 48.86451756
2.35005945, 48.86455991
2.35016074, 48.86449759
2.35014129, 48.86449865
2.35014129, 48.86449865
2.35014305, 48.86450759
2.35014436, 48.86450546
2.34460386, 48.8668002
2.34097257, 48.86690923
2.33328581, 48.86679444
2.33543959, 48.8664004
2.33543959, 48.8664004
2.33543959, 48.8664004
2.33205652, 48.86502401
2.33200673, 48.86495796
2.35013815, 48.86450421
2.35011019, 48.86451393
2.35008457, 48.86454144
2.35014989, 48.86453011
2.35009685, 48.86451196
2.35008908, 48.86453079
2.34777242, 48.86795134
2.33170934, 48.86983279
2.35209589, 48.8668002
2.35209589, 48.8668002
2.35014075, 48.86451553
2.35015373, 48.86451124
