lon, lat
-73.97712991, 40.76148016
-73.97712991, 40.76148016
-73.97712991, 40.76148016
-73.97712991, 40.76148016
-73.97712991, 40.76148016
-73.97712991, 40.76148016
-73.97712991, 40.76148016
-73.97712991, 40.76148016
-73.97712991, 40.76148016
-73.97712991, 40.76148016
-73.97712991, 40.76148016
2.33529121, 48.86148756
-73.97712991, 40.76148016
-73.97712991, 40.76148016
-73.97712991, 40.76148016
-73.97712991, 40.76148016
-73.97712991, 40.76148016
-73.97712991, 40.76148016
-73.97712991, 40.76148016
-73.97712991, 40.76148016
-73.97712991, 40.76148016
-73.97712991, 40.76148016
-73.97712991, 40.76148016
-73.97712991, 40.76148016
-73.97712991, 40.76148016
-73.97712991, 40.76148016
-73.97712991, 40.76148016
-73.97712991, 40.76148016
-73.97712991, 40.76148016
-73.97712991, 40.76148016
-73.97712991, 40.76148016
-73.97712991, 40.76148016
-73.97712991, 40.76148016
-73.97712991, 40.76148016
-73.97712991, 40.76148016
-73.97712991, 40.76148016
-73.97712991, 40.76148016
-73.97712991, 40.76148016
-73.97712991, 40.76148016
-73.97712991, 40.76148016
-73.97712991, 40.76148016
-73.97712991, 40.76148016
-73.97712991, 40.76148016
-73.97712991, 40.76148016
-73.97712991, 40.76148016
-73.97712991, 40.76148016
-73.97712991, 40.76148016
-73.97712991, 40.76148016
-73.97712991, 40.76148016
-73.97712991, 40.76148016
-73.97712991, 40.76148016
-73.97712991, 40.76148016
-73.97712991, 40.76148016
-73.97712991, 40.76148016
-73.97712991, 40.76148016
-73.97712991, 40.76148016
-73.97712991, 40.76148016
-73.97712991, 40.76148016
-73.97712991, 40.76148016
-73.97712991, 40.76148016
-73.97712991, 40.76148016
-73.97712991, 40.76148016
-73.97712991, 40.76148016
-73.97712991, 40.76148016
-73.97712991, 40.76148016
-73.97712991, 40.76148016
-73.97712991, 40.76148016
-73.97712991, 40.76148016
-73.97712991, 40.76148016
-73.97712991, 40.76148016
-73.97712991, 40.76148016
-93.23907423, 44.96576764
10.7304802, 59.9116096
-73.97712991, 40.76148016
10.7304802, 59.9116096
-73.97712991, 40.76148016
10.7304802, 59.9116096
-73.97712991, 40.76148016
-73.97712991, 40.76148016
-73.97712991, 40.76148016
-73.97712991, 40.76148016
-73.97712991, 40.76148016
-73.97712991, 40.76148016
-73.97712991, 40.76148016
-73.97712991, 40.76148016
-73.97712991, 40.76148016
-73.97712991, 40.76148016
-73.97712991, 40.76148016
-73.97712991, 40.76148016
-73.97712991, 40.76148016
-73.97712991, 40.76148016
-73.97712991, 40.76148016
-73.97712991, 40.76148016
-73.97712991, 40.76148016
-73.97712991, 40.76148016
-73.97712991, 40.76148016
-73.97712991, 40.76148016
-73.97712991, 40.76148016
-73.97712991, 40.76148016
-73.97712991, 40.76148016
-73.97712991, 40.76148016
-73.97712991, 40.76148016
-73.97712991, 40.76148016
-73.97712991, 40.76148016
-73.97712991, 40.76148016
-73.97712991, 40.76148016
-73.97712991, 40.76148016
-73.97712991, 40.76148016
-73.97712991, 40.76148016
-73.97712991, 40.76148016
-73.97712991, 40.76148016
-73.97712991, 40.76148016
-73.97712991, 40.76148016
-73.97712991, 40.76148016
-73.97712991, 40.76148016
-73.97712991, 40.76148016
-73.97712991, 40.76148016
-73.97712991, 40.76148016
-73.97712991, 40.76148016
-73.97712991, 40.76148016
-73.97712991, 40.76148016
-73.97712991, 40.76148016
-73.97712991, 40.76148016
-73.97712991, 40.76148016
-73.97712991, 40.76148016
-73.97712991, 40.76148016
-73.97712991, 40.76148016
-73.97712991, 40.76148016
-73.97712991, 40.76148016
-73.97712991, 40.76148016
-73.97712991, 40.76148016
-73.97712991, 40.76148016
-73.97712991, 40.76148016
-73.97712991, 40.76148016
-73.97712991, 40.76148016
-73.97712991, 40.76148016
-73.97712991, 40.76148016
-73.97712991, 40.76148016
-73.97712991, 40.76148016
-73.97712991, 40.76148016
-73.97712991, 40.76148016
-73.97712991, 40.76148016
-73.97712991, 40.76148016
-73.97712991, 40.76148016
-73.97712991, 40.76148016
-73.97712991, 40.76148016
-73.97712991, 40.76148016
-73.97712991, 40.76148016
-73.97712991, 40.76148016
-73.97712991, 40.76148016
-73.97712991, 40.76148016
-73.97712991, 40.76148016
-73.97712991, 40.76148016
-73.97712991, 40.76148016
-73.97712991, 40.76148016
-73.97712991, 40.76148016
-73.97712991, 40.76148016
-73.97712991, 40.76148016
-73.97712991, 40.76148016
-73.97712991, 40.76148016
-73.97712991, 40.76148016
-73.97712991, 40.76148016
-73.97712991, 40.76148016
18.08440894, 59.32609331
-73.97712991, 40.76148016
-73.97712991, 40.76148016
-73.97712991, 40.76148016
-73.97712991, 40.76148016
-73.97712991, 40.76148016
-73.97712991, 40.76148016
-73.97712991, 40.76148016
-73.97712991, 40.76148016
-73.97712991, 40.76148016
-73.97712991, 40.76148016
-73.97712991, 40.76148016
-73.97712991, 40.76148016
-73.97712991, 40.76148016
-73.97712991, 40.76148016
-73.97712991, 40.76148016
-73.97712991, 40.76148016
-73.97712991, 40.76148016
-73.97712991, 40.76148016
-73.97712991, 40.76148016
-73.97712991, 40.76148016
-73.97712991, 40.76148016
-73.97712991, 40.76148016
-73.97712991, 40.76148016
-73.97712991, 40.76148016
-73.97712991, 40.76148016
-73.97712991, 40.76148016
-73.97712991, 40.76148016
-73.97712991, 40.76148016
-73.97712991, 40.76148016
-73.97712991, 40.76148016
-73.97712991, 40.76148016
-73.97712991, 40.76148016
-73.97712991, 40.76148016
-73.97712991, 40.76148016
-73.97712991, 40.76148016
-73.97712991, 40.76148016
-73.97712991, 40.76148016
-73.97712991, 40.76148016
-73.97712991, 40.76148016
-73.97712991, 40.76148016
-73.97712991, 40.76148016
-73.97712991, 40.76148016
-73.97712991, 40.76148016
-73.97712991, 40.76148016
-73.97712991, 40.76148016
-73.97712991, 40.76148016
-73.97712991, 40.76148016
-73.97712991, 40.76148016
-73.97712991, 40.76148016
-73.97712991, 40.76148016
-73.97712991, 40.76148016
-73.97712991, 40.76148016
-73.97712991, 40.76148016
-73.97712991, 40.76148016
-73.97712991, 40.76148016
-73.97712991, 40.76148016
-73.97712991, 40.76148016
-73.97712991, 40.76148016
-73.97712991, 40.76148016
-73.97712991, 40.76148016
-73.97712991, 40.76148016
-73.97712991, 40.76148016
-73.97712991, 40.76148016
-73.97712991, 40.76148016
-73.97712991, 40.76148016
-73.97712991, 40.76148016
-73.97712991, 40.76148016
-73.97712991, 40.76148016
-73.97712991, 40.76148016
-73.97712991, 40.76148016
-73.97712991, 40.76148016
-73.97712991, 40.76148016
-73.97712991, 40.76148016
-73.97712991, 40.76148016
-73.97712991, 40.76148016
-73.97712991, 40.76148016
-73.97712991, 40.76148016
-73.97712991, 40.76148016
-73.97712991, 40.76148016
-73.97712991, 40.76148016
-73.97712991, 40.76148016
-73.97712991, 40.76148016
-73.97712991, 40.76148016
-73.97712991, 40.76148016
-73.97712991, 40.76148016
-73.97712991, 40.76148016
-73.97712991, 40.76148016
-73.97712991, 40.76148016
-73.97712991, 40.76148016
-73.97712991, 40.76148016
-73.97712991, 40.76148016
-73.97712991, 40.76148016
-73.97712991, 40.76148016
-73.97712991, 40.76148016
-73.97712991, 40.76148016
-73.97712991, 40.76148016
-73.97712991, 40.76148016
-73.97712991, 40.76148016
-73.97712991, 40.76148016
-73.97712991, 40.76148016
-73.97712991, 40.76148016
-73.97712991, 40.76148016
-73.97712991, 40.76148016
-73.97712991, 40.76148016
-73.97712991, 40.76148016
-73.97712991, 40.76148016
-73.97712991, 40.76148016
-73.97712991, 40.76148016
-73.97712991, 40.76148016
-73.97712991, 40.76148016
55.28579962, 25.22420165
-73.97712991, 40.76148016
-73.97712991, 40.76148016
-73.97712991, 40.76148016
-73.97712991, 40.76148016
-73.97712991, 40.76148016
-73.97712991, 40.76148016
-73.97712991, 40.76148016
-73.97712991, 40.76148016
-73.97712991, 40.76148016
-73.97712991, 40.76148016
-73.97712991, 40.76148016
-73.97712991, 40.76148016
-73.97712991, 40.76148016
-73.97712991, 40.76148016
-73.97712991, 40.76148016
-73.97712991, 40.76148016
-73.97712991, 40.76148016
-73.97712991, 40.76148016
-73.97712991, 40.76148016
-73.97712991, 40.76148016
-73.97712991, 40.76148016
-80.16571074, 25.77814586
-80.16571074, 25.77814586
-73.97712991, 40.76148016
-73.97712991, 40.76148016
-73.97712991, 40.76148016
10.7304802, 59.9116096
-73.97712991, 40.76148016
-73.97712991, 40.76148016
-73.97712991, 40.76148016
-73.97712991, 40.76148016
-73.97712991, 40.76148016
-73.97712991, 40.76148016
-73.97712991, 40.76148016
-73.97712991, 40.76148016
-73.97712991, 40.76148016
-73.97712991, 40.76148016
-73.97712991, 40.76148016
-73.97712991, 40.76148016
-93.23907423, 44.96576764
34.77906616, 32.07399971
-73.97712991, 40.76148016
-73.97712991, 40.76148016
-73.97712991, 40.76148016
-73.96297384, 40.77912965
-73.97712991, 40.76148016
-73.97712991, 40.76148016
10.7304802, 59.9116096
-73.97712991, 40.76148016
-73.97712991, 40.76148016
-73.97712991, 40.76148016
-73.97712991, 40.76148016
-73.97712991, 40.76148016
-73.97712991, 40.76148016
-73.97712991, 40.76148016
-73.97712991, 40.76148016
-73.97712991, 40.76148016
-73.97712991, 40.76148016
-73.97712991, 40.76148016
-73.97712991, 40.76148016
-73.97712991, 40.76148016
-73.97712991, 40.76148016
-73.97712991, 40.76148016
-73.97712991, 40.76148016
-73.97712991, 40.76148016
-73.97712991, 40.76148016
-73.97712991, 40.76148016
-73.97712991, 40.76148016
-73.97712991, 40.76148016
-73.97712991, 40.76148016
-73.97712991, 40.76148016
-73.97712991, 40.76148016
-73.97712991, 40.76148016
-73.97712991, 40.76148016
-73.97712991, 40.76148016
-73.97712991, 40.76148016
-73.97712991, 40.76148016
-73.97712991, 40.76148016
-73.97712991, 40.76148016
-73.97712991, 40.76148016
-73.97712991, 40.76148016
-73.97712991, 40.76148016
-73.97712991, 40.76148016
-73.97712991, 40.76148016
-3.78312334, 43.47064653
-2.93475336, 43.26840112
-73.97712991, 40.76148016
-73.97712991, 40.76148016
-73.97712991, 40.76148016
-73.97712991, 40.76148016
-73.97712991, 40.76148016
-73.97712991, 40.76148016
-73.97712991, 40.76148016
34.77906616, 32.07399971
34.77906616, 32.07399971
34.77906616, 32.07399971
-73.97712991, 40.76148016
-73.97712991, 40.76148016
-73.97712991, 40.76148016
-73.97712991, 40.76148016
-73.97712991, 40.76148016
-73.97712991, 40.76148016
2.29234458, 48.8550385
-73.97712991, 40.76148016
-73.96239191, 40.77895267
-73.96297384, 40.77912965
34.77906616, 32.07399971
2.33529121, 48.86148756
34.77906616, 32.07399971
34.78661181, 32.07736671
-73.99765041, 40.73014407
-73.97712991, 40.76148016
-73.9594727, 40.7830811
-73.9594727, 40.7830811
-73.9594727, 40.7830811
-73.97712991, 40.76148016
-73.9594727, 40.7830811
-73.9594727, 40.7830811
-73.97712991, 40.76148016
-73.97712991, 40.76148016
-73.9594727, 40.7830811
-73.97712991, 40.76148016
-73.97712991, 40.76148016
-73.96297384, 40.77912965
-3.78312334, 43.47064653
-73.9594727, 40.7830811
-73.97712991, 40.76148016
-73.9594727, 40.7830811
-73.96297384, 40.77912965
-73.97712991, 40.76148016
-73.9594727, 40.7830811
-73.9594727, 40.7830811
-73.97712991, 40.76148016
-73.96297384, 40.77912965
-3.78312334, 43.47064653
-73.9594727, 40.7830811
-73.97712991, 40.76148016
126.55, 38.03333
-73.9594727, 40.7830811
55.28579962, 25.22420165
-73.97712991, 40.76148016
-3.7194483, 40.4108825
126.55, 38.03333
126.55, 38.03333
126.55, 38.03333
126.7089136, 37.90322821
126.55, 38.03333
126.74010335, 37.89015968
126.55, 38.03333
126.55, 38.03333
126.55, 38.03333
126.55, 38.03333
126.55, 38.03333
126.55, 38.03333
2.2955999, 48.8646011
2.2955999, 48.8646011
-73.96297384, 40.77912965
126.55, 38.03333
126.55, 38.03333
126.55, 38.03333
126.74010335, 37.89015968
126.55, 38.03333
126.55, 38.03333
126.7089136, 37.90322821
2.33529121, 48.86148756
2.33529121, 48.86148756
7.42058929, 43.73343902
126.55, 38.03333
126.55, 38.03333
126.55, 38.03333
126.74010335, 37.89015968
-3.78312334, 43.47064653
10.73361111, 59.91166667
-73.96031609, 40.78173233
-2.93475336, 43.26840112
10.73361111, 59.91166667
24.95954883, 60.18328006
18.08465, 59.3179893
24.95954883, 60.18328006
-73.97712991, 40.76148016
24.95954883, 60.18328006
24.95954883, 60.18328006
-75.88847836, 43.08043483
10.73361111, 59.91166667
10.73361111, 59.91166667
-3.78312334, 43.47064653
-3.78312334, 43.47064653
24.95954883, 60.18328006
-73.97712991, 40.76148016
24.95954883, 60.18328006
24.95954883, 60.18328006
24.95954883, 60.18328006
-3.78312334, 43.47064653
-73.97712991, 40.76148016
-73.96297384, 40.77912965
-73.96367, 40.77891
-73.96367, 40.77891
-2.93475336, 43.26840112
-3.69086168, 40.42661243
2.29234458, 48.8550385
2.33529121, 48.86148756
-73.96297384, 40.77912965
2.33558653, 48.86110866
2.33529121, 48.86148756
2.33529121, 48.86148756
2.33529121, 48.86148756
7.42483296, 43.73329106
-73.96297384, 40.77912965
18.08433987, 59.32608027
-73.9974594, 40.7642593
-3.69086168, 40.42661243
-93.23907423, 44.96576764
1.43333, 38.9
10.73361111, 59.91166667
-82.10196384, 29.17205685
2.33561503, 48.86112395
2.33561503, 48.86112395
2.33561503, 48.86112395
-3.78312334, 43.47064653
-73.96297384, 40.77912965
-3.78312334, 43.47064653
-73.96297384, 40.77912965
-2.93425876, 43.26754681
-73.96297384, 40.77912965
-73.96297384, 40.77912965
-73.96297384, 40.77912965
-73.96297384, 40.77912965
-73.96311, 40.779447
-73.96311, 40.779447
-73.96297384, 40.77912965
-73.96297384, 40.77912965
-73.96459925, 40.77956764
-73.96297384, 40.77912965
-73.96297384, 40.77912965
-73.96297384, 40.77912965
-73.96297384, 40.77912965
-73.96297384, 40.77912965
-73.96297384, 40.77912965
-73.96311, 40.779447
-73.96297384, 40.77912965
-73.96297384, 40.77912965
-73.96297384, 40.77912965
-73.96297384, 40.77912965
-73.96297384, 40.77912965
-73.96322374, 40.77836654
-73.96297384, 40.77912965
-73.96311, 40.779447
-73.96297384, 40.77912965
-73.958739, 40.793989
-73.72422561, 40.75920207
-3.78312334, 43.47064653
-3.69086168, 40.42661243
-2.93425876, 43.26754681
-75.88847836, 43.08043483
-75.88847836, 43.08043483
-75.88847836, 43.08043483
-73.9974594, 40.7642593
-73.97712991, 40.76148016
10.73361111, 59.91166667
12.30569794, 45.86012966
-93.23907423, 44.96576764
-73.96297384, 40.77912965
-73.96297384, 40.77912965
-93.23907423, 44.96576764
7.03599807, 43.53676427
-73.96297384, 40.77912965
16.7667, 60.6167
16.7667, 60.6167
