lon, lat
2.35222222, 48.85638889
2.26413383, 48.829729
2.31638889, 48.87027778
2.33719264, 48.84889235
2.33743818, 48.86283314
2.27171364, 48.83937093
2.36418438, 48.86746503
2.36418438, 48.86746503
2.36418438, 48.86746503
2.36418438, 48.86746503
2.36418438, 48.86746503
2.36418438, 48.86746503
2.36418438, 48.86746503
2.2954299, 48.8743515
2.295, 48.8738
2.3078699, 48.8669701
2.28193, 48.8315582
2.28193, 48.8315582
2.3078699, 48.8669701
2.30519189, 48.86776597
2.442, 48.862
2.435757, 48.8585
2.2954299, 48.8743515
2.2954299, 48.8743515
2.2954299, 48.8743515
2.2954299, 48.8743515
2.25816853, 48.83385808
2.44178303, 48.78774976
2.44178303, 48.78774976
2.44178303, 48.78774976
2.28171219, 48.83161181
2.35663311, 48.8861143
2.278028, 48.852556
2.3508, 48.8567
2.27138889, 48.83888889
2.27138889, 48.83888889
2.29557652, 48.82263451
2.3176262, 48.83933206
2.26014988, 48.83365244
2.442, 48.862
2.42566035, 48.85667449
2.42566035, 48.85667449
2.42566035, 48.85667449
2.42566035, 48.85667449
2.42566035, 48.85667449
2.42566035, 48.85667449
2.42566035, 48.85667449
2.42566035, 48.85667449
2.25816853, 48.83385808
2.26413383, 48.829729
2.30519189, 48.86776597
2.29557652, 48.82263451
2.45009655, 48.90911633
2.45009655, 48.90911633
2.45009655, 48.90911633
2.45009655, 48.90911633
2.43088588, 48.94479249
2.43088588, 48.94479249
2.36418438, 48.86746503
2.3795592, 48.85849518
2.31260735, 48.85692164
2.41897941, 48.84033233
2.41897941, 48.84033233
2.29557652, 48.82263451
2.3370984, 48.8487876
2.29811714, 48.8590256
2.27937261, 48.85259284
2.27937261, 48.85259284
2.45865955, 48.85090126
2.31811128, 48.86147212
2.30348902, 48.8713351
2.30348902, 48.8713351
2.29811714, 48.8590256
2.3786602, 48.85467898
2.33719264, 48.84889235
2.36445, 48.9183884
2.25816853, 48.83385808
2.35222222, 48.85638889
2.31688322, 48.85149434
2.12394516, 48.80401067
2.33069, 48.84952
2.33069, 48.84952
2.31642277, 48.87018743
2.27171364, 48.83937093
2.278028, 48.852556
