lon, lat
2.31177044, 48.85060077
2.31177044, 48.85060077
2.31177044, 48.85060077
2.31177044, 48.85060077
2.31177044, 48.85060077
2.31177044, 48.85060077
2.31177044, 48.85060077
2.31177044, 48.85060077
2.31177044, 48.85060077
2.30985482, 48.84955983
2.31177044, 48.85060077
2.31177044, 48.85060077
2.30985482, 48.84955983
2.31177044, 48.85060077
2.31177044, 48.85060077
2.3508, 48.8567
2.3097701, 48.8495789
2.3508, 48.8567
2.3508, 48.8567
2.31177044, 48.85060077
2.31177044, 48.85060077
2.33006, 48.8783913
2.33006, 48.8783913
2.3097701, 48.8495789
2.31177044, 48.85060077
2.3097701, 48.8495789
5.86768861, 43.10893316
5.80246014, 43.11739654
5.86768861, 43.10893316
5.86768861, 43.10893316
5.86768861, 43.10893316
5.86768861, 43.10893316
5.86768861, 43.10893316
5.86768861, 43.10893316
5.86768861, 43.10893316
5.86768861, 43.10893316
5.86768861, 43.10893316
5.92, 43.13
5.92, 43.13
5.81324898, 43.12189755
5.80246014, 43.11739654
5.86768861, 43.10893316
5.86768861, 43.10893316
5.86768861, 43.10893316
5.86768861, 43.10893316
5.86768861, 43.10893316
5.86768861, 43.10893316
6.01728082, 43.10891385
6.011455, 43.10196795
6.011455, 43.10196795
6.0239, 43.1064
6.01728082, 43.10891385
6.01728082, 43.10891385
5.96860723, 43.10476015
6.01728082, 43.10891385
5.93333, 43.1
6.01728082, 43.10891385
5.96860723, 43.10476015
6.01728082, 43.10891385
6.011455, 43.10196795
5.86768861, 43.10893316
5.86768861, 43.10893316
5.86768861, 43.10893316
5.86768861, 43.10893316
5.86768861, 43.10893316
5.86768861, 43.10893316
5.86768861, 43.10893316
2.36392048, 48.72843729
2.3508, 48.8567
2.3508, 48.8567
2.3508, 48.8567
2.3508, 48.8567
2.38884597, 48.8246443
2.38884597, 48.8246443
2.2, 48.8833
2.3508, 48.8567
2.3508, 48.8567
2.3508, 48.8567
2.3508, 48.8567
2.3508, 48.8567
2.3508, 48.8567
2.3097701, 48.8495789
2.3508, 48.8567
2.3508, 48.8567
2.3125, 48.855
2.3508, 48.8567
2.31177044, 48.85060077
2.31177044, 48.85060077
2.31177044, 48.85060077
2.31177044, 48.85060077
2.31177044, 48.85060077
2.3238299, 48.8462181
2.31177044, 48.85060077
2.37655, 48.8502617
2.377016, 48.849751
2.31177044, 48.85060077
2.31177044, 48.85060077
2.31177044, 48.85060077
2.31177044, 48.85060077
2.31177044, 48.85060077
2.3097701, 48.8495789
2.32468745, 48.85093785
2.32811, 48.8507309
2.30613936, 48.87186073
2.3508, 48.8567
2.3508, 48.8567
2.34664333, 48.85770531
2.34664333, 48.85770531
2.34664333, 48.85770531
2.34664333, 48.85770531
2.34664333, 48.85770531
2.347253, 48.857639
2.3508, 48.8567
2.3508, 48.8567
2.3508, 48.8567
2.3508, 48.8567
2.3508, 48.8567
2.3508, 48.8567
2.3508, 48.8567
2.31177044, 48.85060077
2.3097701, 48.8495789
2.31177044, 48.85060077
2.31177044, 48.85060077
2.3508, 48.8567
2.31177044, 48.85060077
2.3508, 48.8567
2.3097701, 48.8495789
2.3508, 48.8567
2.3508, 48.8567
2.31177044, 48.85060077
2.3785, 48.83865278
2.3508, 48.8567
2.37919344, 48.83875005
2.3508, 48.8567
2.3508, 48.8567
2.3508, 48.8567
2.31177044, 48.85060077
2.3508, 48.8567
2.31177044, 48.85060077
2.31177044, 48.85060077
2.31177044, 48.85060077
2.32353, 48.8395004
2.31177044, 48.85060077
2.3366699, 48.8686295
2.3366699, 48.8686295
2.3366699, 48.8686295
2.3508, 48.8567
2.3508, 48.8567
2.3508, 48.8567
2.3508, 48.8567
2.3097701, 48.8495789
2.31177044, 48.85060077
2.3097701, 48.8495789
2.3508, 48.8567
2.3508, 48.8567
2.3508, 48.8567
2.3508, 48.8567
2.31177044, 48.85060077
2.31177044, 48.85060077
2.3508, 48.8567
2.31177044, 48.85060077
2.31177044, 48.85060077
2.3097701, 48.8495789
2.3508, 48.8567
2.3508, 48.8567
2.31177044, 48.85060077
2.3508, 48.8567
2.31177044, 48.85060077
2.31177044, 48.85060077
2.31177044, 48.85060077
2.31177044, 48.85060077
2.31177044, 48.85060077
2.3508, 48.8567
2.3508, 48.8567
2.3508, 48.8567
2.3508, 48.8567
2.3097701, 48.8495789
2.3097701, 48.8495789
2.3097701, 48.8495789
2.3097701, 48.8495789
2.35801629, 48.87094275
2.35801629, 48.87094275
2.35801629, 48.87094275
2.3508, 48.8567
2.3508, 48.8567
2.3508, 48.8567
2.31177044, 48.85060077
2.31177044, 48.85060077
2.35202916, 48.86093647
2.35198, 48.8606796
2.35198, 48.8606796
2.35202916, 48.86093647
2.29811714, 48.8590256
2.29197171, 48.85139176
2.31177044, 48.85060077
2.31177044, 48.85060077
2.3508, 48.8567
2.31177044, 48.85060077
2.3508, 48.8567
2.31177044, 48.85060077
2.31177044, 48.85060077
2.31177044, 48.85060077
2.31177044, 48.85060077
2.3508, 48.8567
2.3508, 48.8567
2.3508, 48.8567
2.34972222, 48.84194444
2.34972222, 48.84194444
2.31177044, 48.85060077
2.3508, 48.8567
2.31177044, 48.85060077
2.3508, 48.8567
2.3097701, 48.8495789
2.31177044, 48.85060077
2.31177044, 48.85060077
2.3097701, 48.8495789
2.3508, 48.8567
2.31177044, 48.85060077
2.3508, 48.8567
2.3508, 48.8567
2.3097701, 48.8495789
2.3097701, 48.8495789
2.3097701, 48.8495789
2.3097701, 48.8495789
2.31177044, 48.85060077
2.31177044, 48.85060077
2.3097701, 48.8495789
2.31177044, 48.85060077
2.31177044, 48.85060077
2.19523052, 48.8623368
2.3097701, 48.8495789
2.3097701, 48.8495789
2.3097701, 48.8495789
2.33218, 48.8841209
2.33218, 48.8841209
2.32212934, 48.84178527
2.31177044, 48.85060077
2.31177044, 48.85060077
2.3508, 48.8567
2.31177044, 48.85060077
2.3508, 48.8567
2.31177044, 48.85060077
2.3508, 48.8567
2.3508, 48.8567
2.31177044, 48.85060077
2.31177044, 48.85060077
2.31177044, 48.85060077
2.31177044, 48.85060077
2.31177044, 48.85060077
2.3508, 48.8567
2.35665264, 48.86906802
2.3508, 48.8567
2.31177044, 48.85060077
2.3508, 48.8567
2.31177044, 48.85060077
2.3508, 48.8567
2.3508, 48.8567
2.3508, 48.8567
2.347253, 48.857639
2.3468001, 48.857399
2.3508, 48.8567
2.3097701, 48.8495789
2.31177044, 48.85060077
2.31177044, 48.85060077
2.31177044, 48.85060077
2.31177044, 48.85060077
2.31177044, 48.85060077
2.31177044, 48.85060077
2.3508, 48.8567
2.3508, 48.8567
2.29811714, 48.8590256
2.29811714, 48.8590256
2.2945, 48.85822222
2.30031489, 48.85534419
2.29811714, 48.8590256
2.2945, 48.85822222
2.29811714, 48.8590256
2.29811714, 48.8590256
2.29811714, 48.8590256
2.30031489, 48.85534419
2.29811714, 48.8590256
2.30031489, 48.85534419
2.29811714, 48.8590256
2.29811714, 48.8590256
2.29811714, 48.8590256
2.29811714, 48.8590256
2.29811714, 48.8590256
2.3508, 48.8567
2.3508, 48.8567
2.77971352, 48.87085965
2.78628134, 48.86925394
2.78628134, 48.86925394
2.78628134, 48.86925394
2.78628134, 48.86925394
2.78628134, 48.86925394
2.78628134, 48.86925394
2.78628134, 48.86925394
2.36753, 48.86337
2.36753, 48.86337
2.36753, 48.86337
2.36753, 48.86337
2.36753, 48.86337
2.36753, 48.86337
2.36753, 48.86337
2.3508, 48.8567
2.35163718, 48.86449142
2.3508, 48.8567
2.3508, 48.8567
2.31177044, 48.85060077
2.3508, 48.8567
2.3508, 48.8567
2.3508, 48.8567
2.3508, 48.8567
2.3508, 48.8567
2.3097701, 48.8495789
2.3508, 48.8567
2.3508, 48.8567
13.4115, 52.5399818
13.3989, 52.5006
13.3989, 52.5006
13.3989, 52.5006
13.3989, 52.5006
13.3467302, 52.4974785
13.3989, 52.5006
13.3989, 52.5006
13.3989, 52.5006
13.3989, 52.5006
13.3989, 52.5006
13.3989, 52.5006
13.3989, 52.5006
13.3989, 52.5006
13.3989, 52.5006
13.3989, 52.5006
13.3427496, 52.4989815
13.4115, 52.5399818
13.4115, 52.5399818
13.41257, 52.5404205
13.41196587, 52.54037047
13.39027, 52.5075
13.3989, 52.5006
13.3989, 52.5006
13.38652667, 52.49043539
13.38652667, 52.49043539
13.38652667, 52.49043539
13.38652667, 52.49043539
13.42002215, 52.49965512
13.3989, 52.5006
13.3989, 52.5006
13.3989, 52.5006
13.3989, 52.5006
13.3989, 52.5006
13.3989, 52.5006
13.3989, 52.5006
13.3989, 52.5006
13.3989, 52.5006
13.3989, 52.5006
13.29154715, 52.55342682
2.3508, 48.8567
2.3508, 48.8567
2.38257, 48.8628616
2.12394516, 48.80401067
2.12394516, 48.80401067
2.11833333, 48.80222222
2.11833333, 48.80222222
2.32043, 48.8709908
2.34247222, 48.85
2.3508, 48.8567
2.3508, 48.8567
2.31177044, 48.85060077
2.3508, 48.8567
2.3508, 48.8567
2.3508, 48.8567
2.3508, 48.8567
2.3508, 48.8567
2.31177044, 48.85060077
2.3508, 48.8567
2.29863557, 48.84303003
2.3508, 48.8567
2.3508, 48.8567
2.3097701, 48.8495789
2.3508, 48.8567
2.3508, 48.8567
2.3508, 48.8567
2.31177044, 48.85060077
2.3508, 48.8567
2.3508, 48.8567
2.31177044, 48.85060077
2.3097701, 48.8495789
2.3508, 48.8567
2.3508, 48.8567
2.3508, 48.8567
2.3508, 48.8567
2.3508, 48.8567
2.31177044, 48.85060077
2.31177044, 48.85060077
2.31177044, 48.85060077
2.31177044, 48.85060077
3.06299055, 50.63588614
3.06299055, 50.63588614
3.0611801, 50.6387482
3.0611801, 50.6387482
3.07409, 50.636874
3.07157365, 50.63635453
3.07409, 50.636874
3.07409, 50.636874
3.07409, 50.636874
3.07409, 50.636874
3.06299055, 50.63588614
3.06299055, 50.63588614
3.07157365, 50.63635453
3.06299055, 50.63588614
3.07157365, 50.63635453
3.06299055, 50.63588614
3.06299055, 50.63588614
3.06299055, 50.63588614
3.06667, 50.6333
3.06299055, 50.63588614
3.06667, 50.6333
3.0786099, 50.6314507
3.0786099, 50.6314507
3.0786099, 50.6314507
2.31177044, 48.85060077
2.3097701, 48.8495789
2.31177044, 48.85060077
2.3097701, 48.8495789
2.31177044, 48.85060077
2.31177044, 48.85060077
2.31177044, 48.85060077
2.31177044, 48.85060077
2.31177044, 48.85060077
2.31177044, 48.85060077
2.31177044, 48.85060077
2.31177044, 48.85060077
2.31177044, 48.85060077
2.31177044, 48.85060077
2.31177044, 48.85060077
2.31177044, 48.85060077
2.31177044, 48.85060077
2.3508, 48.8567
2.31177044, 48.85060077
2.31177044, 48.85060077
2.31177044, 48.85060077
2.31177044, 48.85060077
2.31177044, 48.85060077
2.31177044, 48.85060077
2.31177044, 48.85060077
2.31177044, 48.85060077
2.3253, 48.8488312
2.3097701, 48.8495789
2.31177044, 48.85060077
2.3984747, 48.8648864
2.3984747, 48.8648864
2.3984747, 48.8648864
2.39729, 48.8650703
2.397386, 48.864419
2.31177044, 48.85060077
2.31177044, 48.85060077
2.31177044, 48.85060077
