lon, lat
2.29366184, 48.86418773
2.3333001, 48.8632202
2.3372479, 48.86382859
2.3436, 48.86586
2.7808325, 48.87043296
2.3370995, 48.87283539
2.33111111, 48.87527778
2.32172938, 48.86562942
2.34325, 48.8717308
2.3508, 48.8567
2.33599, 48.8797989
2.3370995, 48.87283539
2.31598, 48.8558693
2.33172081, 48.87337081
2.3708701, 48.863121
2.37665073, 48.86252592
2.3508, 48.8567
0.08005996, 49.36106423
0.0691724, 49.36221497
2.3355899, 48.8713799
2.2974601, 48.8774986
2.371091, 48.847034
2.33704078, 48.8728732
2.33704078, 48.8728732
2.3508, 48.8567
2.335008, 48.888353
2.21472222, 48.8375
2.3370397, 48.87287393
2.3370397, 48.87287393
2.3370397, 48.87287393
2.3372099, 48.8725395
2.3508, 48.8567
2.34886, 48.8659515
2.34467045, 48.86552059
11.25311892, 43.76908569
2.3342199, 48.8820496
2.3508, 48.8567
2.3508, 48.8567
2.34314763, 48.88616075
2.3600099, 48.8754082
2.3330801, 48.8635292
2.29706, 48.8646317
2.3357699, 48.8544388
2.31402, 48.8834447
2.3384709, 48.86031478
2.31576559, 48.88235777
2.31025239, 48.86913201
2.30151866, 48.82140115
2.3435099, 48.8664017
2.33366256, 48.88504299
11.25542205, 43.77225609
2.3354199, 48.8820992
11.25, 43.7833
2.33865895, 48.90282673
2.34063835, 48.90217737
2.3370354, 48.872878
2.3370354, 48.872878
2.31402, 48.8834447
-0.543611, 47.470833
2.2871008, 48.8328056
2.2871008, 48.8328056
2.32707335, 48.87523398
-4.77320607, 36.48996117
-4.77320607, 36.48996117
-4.77320607, 36.48996117
-4.77320607, 36.48996117
-4.77320607, 36.48996117
-4.77320607, 36.48996117
-4.77320607, 36.48996117
-4.77320607, 36.48996117
-4.77247927, 36.49217184
2.59136642, 49.00499283
48.8569984, 6.0
48.8569984, 6.0
-2.23705465, 47.00595456
-2.25, 47.0
-2.25, 47.0
2.36994, 48.8406105
2.57188027, 49.13495908
2.34352061, 48.86636877
2.31333623, 48.86050787
2.38121136, 48.88083773
2.24604549, 48.87014445
2.24604549, 48.87014445
2.29666241, 48.86437131
2.3090933, 48.87022943
2.33006, 48.8783913
2.33331474, 48.87590945
2.3473799, 48.8463593
2.36358537, 48.8431982
2.36198712, 48.84034605
2.33703319, 48.872876
2.38636775, 48.88005098
2.33703319, 48.872876
2.36699307, 48.86079617
-61.50673504, 16.20703075
