lon, lat
2.5276646, 48.7107075
2.5276549, 48.7107203
2.5276449, 48.7107404
2.5276682, 48.7107321
2.527664, 48.7107332
2.5276392, 48.7107486
2.5276611, 48.7107385
2.5276589, 48.7107373
2.5276476, 48.7107377
2.5276307, 48.7107406
2.527647, 48.7107602
2.5276747, 48.7107352
2.5276415, 48.7107259
2.5250315, 48.7086279
2.5276535, 48.7107362
2.5276776, 48.7107416
2.5276559, 48.710713
2.527679, 48.7107308
2.5276713, 48.7107308
2.5276748, 48.7107304
2.5276745, 48.7107401
2.5276252, 48.71072
2.5276156, 48.7107318
2.5276581, 48.7107045
2.5276199, 48.7107397
2.52758, 48.7107245
2.5275804, 48.7107198
2.5275851, 48.7107295
2.5276442, 48.7107027
2.5276668, 48.7107345
2.5276066, 48.7107557
2.5276021, 48.7107567
2.5276196, 48.7107381
2.5275755, 48.7107335
2.5276084, 48.7107531
2.5276084, 48.7107531
2.5276079, 48.7107534
2.5276383, 48.7107301
2.5276433, 48.7107296
2.5276418, 48.7107251
2.527608, 48.7107547
2.5276045, 48.7107384
2.5276051, 48.7107451
2.5276559, 48.7107276
2.5276392, 48.7107077
2.5276088, 48.710752
2.5276216, 48.7107372
2.5307627, 48.7287038
2.5276426, 48.7107444
2.5276488, 48.7107312
2.5276488, 48.7107312
2.5276699, 48.7107376
2.527647, 48.7107222
2.5276771, 48.7107202
2.5276463, 48.7107435
2.5276331, 48.7107334
2.527671, 48.7107277
2.5276716, 48.710716
2.5276763, 48.7107268
2.5276498, 48.7107335
2.5276732, 48.7107378
2.5275855, 48.7107304
2.5275765, 48.7107337
2.5276365, 48.7107114
2.5224963, 48.7073224
2.5276034, 48.710751
2.5276021, 48.7107567
2.5275748, 48.7107371
2.5275799, 48.7107301
2.5275845, 48.7107023
2.5275736, 48.7107403
2.5276695, 48.710732
2.5276074, 48.7107634
2.5276671, 48.7107312
2.529021, 48.7224934
2.5276623, 48.7107337
2.5276632, 48.7107329
2.5276734, 48.710732
2.5276546, 48.7107235
2.5276643, 48.7107319
2.527674, 48.7107274
2.5276396, 48.7107353
2.5276396, 48.7107353
2.5276502, 48.7107199
2.5276448, 48.710717
2.5276448, 48.710717
2.5276712, 48.7107334
2.5276722, 48.7107371
2.5276685, 48.7107327
2.5276685, 48.7107327
2.5276464, 48.7107236
2.5276563, 48.710713
2.5276673, 48.7107275
2.5276628, 48.7107162
2.5276705, 48.7107276
2.5276106, 48.7107409
2.5276517, 48.7107046
2.5276648, 48.7107334
2.5276618, 48.7107355
2.52763, 48.7107212
2.5276328, 48.7107355
2.5276337, 48.7107291
2.5276632, 48.7107107
2.5276674, 48.7107289
2.5275902, 48.710723
2.5276515, 48.7107208
2.5276336, 48.7107128
2.5276531, 48.710712
2.5276339, 48.7107089
2.5275799, 48.7107054
2.5276796, 48.7107338
2.5275817, 48.7107356
2.5276623, 48.7107491
2.5276558, 48.7107328
2.5276306, 48.7107182
2.527639, 48.7107396
2.5276257, 48.7107317
2.5276293, 48.7107314
2.52759, 48.7107072
2.5276566, 48.7107333
2.527594, 48.7107271
2.5275909, 48.710724
2.5276351, 48.7107087
2.5276494, 48.7107087
2.5276436, 48.71075
2.5276461, 48.7107493
2.52759, 48.7107082
2.5275909, 48.7107114
2.5275909, 48.7107119
2.5276348, 48.7107374
2.5276606, 48.7107153
2.527672, 48.7107095
2.5276452, 48.7107372
2.5276413, 48.7107351
2.5276588, 48.7107197
2.5276599, 48.7107215
2.5276325, 48.7107194
2.503335, 48.6947889
2.527635, 48.7107183
2.5276703, 48.7107317
2.527676, 48.710736
2.5276544, 48.7107152
2.5275871, 48.7107224
2.5276675, 48.7107264
2.527634, 48.7107277
2.5276638, 48.7107264
2.5275871, 48.7107267
2.5276397, 48.7107028
2.5276703, 48.7107455
2.5276619, 48.7107286
2.5276652, 48.7107319
2.527586, 48.7107287
2.5276242, 48.7107335
2.5276207, 48.7107265
2.5276142, 48.7107402
2.5276485, 48.7107445
2.5276069, 48.7107689
2.5276686, 48.7107353
2.5276677, 48.7107315
2.5276698, 48.7107291
2.5276705, 48.710732
2.5276703, 48.7107291
2.5276747, 48.7107411
2.5276836, 48.7107343
2.5276855, 48.7107318
2.5275799, 48.7107305
2.5276653, 48.7107304
2.527647, 48.7107142
2.527579, 48.710731
2.5276383, 48.7106969
2.5276688, 48.7107338
2.5276371, 48.7107368
2.5137932, 48.7507234
2.513829, 48.7507103
2.5138223, 48.7507251
2.513807, 48.7506933
2.5138292, 48.7507272
2.5137377, 48.7507538
2.5138319, 48.7507259
2.5137758, 48.7507217
2.5138581, 48.7507139
2.5276449, 48.7107589
2.5226367, 48.7129068
2.5276706, 48.7107287
2.5276718, 48.7107368
2.5276687, 48.7107317
2.5276723, 48.7107314
2.5276723, 48.7107314
2.5276475, 48.7107166
2.5276412, 48.7107271
2.5276661, 48.710703
2.5276625, 48.7107167
2.5276679, 48.7107332
2.5276651, 48.7107394
2.5276674, 48.7107351
2.5276696, 48.7107312
2.5276135, 48.7107477
2.5276407, 48.7107162
2.5276697, 48.7107416
2.5276624, 48.7107067
2.5276333, 48.7107188
2.5276502, 48.7107115
2.5276712, 48.7107351
2.5276752, 48.7107377
2.5276677, 48.7107344
2.5275762, 48.7107338
2.5276121, 48.710742
2.527615, 48.7107467
2.5276706, 48.7107367
2.5276716, 48.7107337
2.5275923, 48.7107126
2.5276487, 48.7107183
2.5276424, 48.71071
2.52767, 48.7107294
2.5275734, 48.7107311
