lon, lat
-51.73333333, 64.16666667
2.3508, 48.8567
2.341944, 48.840833
2.38194444, 48.87416667
2.38194444, 48.87416667
2.38194444, 48.87416667
2.38194444, 48.87416667
-0.19762831, 51.5040046
-0.1288526, 51.49155051
2.3333001, 48.8632202
2.38194444, 48.87416667
2.38194444, 48.87416667
2.37539079, 48.87276433
2.32959455, 48.88455691
2.36418438, 48.86746503
2.341944, 48.840833
2.29811714, 48.8590256
2.29811714, 48.8590256
2.37136275, 48.87798451
2.341944, 48.840833
2.33182, 48.8566093
2.29706, 48.8646317
2.341944, 48.840833
2.32227222, 48.86385556
2.38194444, 48.87416667
2.32799, 48.85391
2.36238, 48.8506889
2.12394516, 48.80401067
4.08333, 45.4167
4.08333, 45.4167
4.8362632, 45.76781748
2.38194444, 48.87416667
2.341944, 48.840833
2.38194444, 48.87416667
2.38527778, 48.87388889
2.26382122, 48.87630681
2.29408782, 48.87822939
2.341944, 48.840833
2.331667, 48.871944
2.32111111, 48.86555556
2.02833333, 48.92444444
2.34586, 48.8469696
2.77971352, 48.87085965
1.48675347, 48.44735319
2.36237, 48.87595
2.34194444, 48.84083333
2.33630969, 48.86181344
2.34194444, 48.84083333
2.36555556, 48.85555556
2.71332094, 48.56656302
2.3937744, 48.89041679
2.35173393, 48.86056285
2.3508, 48.8567
2.3508, 48.8567
2.30038, 48.8547783
2.34807157, 48.85393035
2.3459201, 48.8556709
2.34321, 48.846981
12.4628296, 41.8880806
12.45444444, 41.90305556
12.45638889, 41.90222222
12.4768, 41.8986
12.49226944, 41.89016944
11.6667, 42.6333
12.11659779, 42.71977861
11.33129511, 43.31870273
11.32871, 43.31743
11.042, 43.468
11.2559004, 43.7726097
11.25873, 43.77694
11.2559004, 43.7726097
12.3365049, 45.4323425
12.336, 45.431
12.3267, 45.4386
10.794545, 45.158827
11.3514, 44.5075
11.054633, 44.229251
8.9328, 44.4111
9.64692877, 44.14548231
8.9328, 44.4111
7.6848102, 45.0716209
7.68472222, 45.075
8.8586197, 45.3169594
9.00502193, 46.00650592
9.022391, 46.192839
8.9477596, 46.0015488
9.181, 46.622
9.74751571, 47.50437658
8.55090296, 47.35640114
-8.54027778, 47.41222222
8.55, 47.3667
-97.73672641, 30.28421729
-97.73672641, 30.28421729
-73.92, 40.743
-73.98562585, 40.74880257
-73.9659021, 40.75957515
-73.986351, 40.7565117
-73.9676819, 40.7711678
-73.98562585, 40.74880257
-73.96555556, 40.76916667
-74.0082932, 40.7395058
-73.9582, 40.7844
-73.95224371, 40.79256813
-73.96297384, 40.77912965
-73.92, 40.743
-74.01297001, 40.71135316
-74.016609, 40.696355
-73.96297384, 40.77912965
-73.92658347, 40.82926066
-73.97652247, 40.75868462
-73.98192285, 40.75301081
-73.97652222, 40.7528
-73.986351, 40.7565117
-73.96555556, 40.76916667
-73.977664, 40.761484
-73.97530669, 40.76892437
-0.07644717, 51.50718333
-73.9589996, 40.7834587
-73.97360049, 40.7810593
-73.96297384, 40.77912965
-73.98503681, 40.75911836
-97.74129108, 30.28544572
-97.79133062, 30.50034683
-97.7723506, 30.26469756
-97.74129108, 30.28544572
-97.74434879, 30.28686701
-97.47232611, 30.14177601
-97.76704445, 30.41576065
-97.74249923, 30.28372086
-97.73718833, 30.28038667
-97.73968256, 30.30072268
-0.14098075, 51.50160597
28.8575, 47.0056
28.8575, 47.0056
-97.74127841, 30.28545242
-97.73762786, 30.27818115
-97.74325753, 30.28520276
-84.97828232, 32.55173138
-84.9867907, 32.55329638
-97.75025151, 30.41901255
-97.79226135, 30.49995049
-97.74897762, 30.26967977
-97.74523894, 30.28835092
-97.73888078, 30.28315683
-97.73264766, 30.28393018
-97.74106667, 30.28558
-97.68816333, 30.56037833
-97.72785833, 30.37118333
-97.74573667, 30.28909167
-97.73188, 30.28438
-97.74733667, 30.28663333
-97.74058663, 30.28498357
-97.74156167, 30.28560833
-97.73171167, 30.28425333
-97.73307908, 30.28585029
-97.73888078, 30.28315683
-97.74485993, 30.28718651
-97.74143333, 30.2853
-97.740495, 30.28473667
-97.74587167, 30.28914167
-97.7413081, 30.28537813
-97.73185833, 30.28444167
-97.74253, 30.28166167
-97.77123833, 30.50834167
-97.05348614, 32.78974532
-97.74074557, 30.28550713
