lon, lat
2.32959455, 48.88455691
2.2925061, 48.9269806
2.2925361, 48.9268915
2.292544, 48.9268968
4.34111111, 50.89472222
2.2925039, 48.9269802
2.3835287, 48.8521394
2.3835426, 48.8521391
2.3835694, 48.8521571
2.3835859, 48.8521525
2.3836105, 48.8521452
2.3835935, 48.8521297
2.3835824, 48.8521546
2.3836068, 48.8521552
2.3836098, 48.8521405
2.3835544, 48.8521529
2.3836005, 48.8521303
2.3835788, 48.8521431
2.3835772, 48.8521442
2.3835652, 48.8521576
2.3835727, 48.852137
2.3835773, 48.8521397
2.3835931, 48.8521561
2.3835664, 48.8521507
2.3835498, 48.8521504
2.3835377, 48.8521607
2.3835316, 48.8521454
2.3835579, 48.8521501
2.3835437, 48.8521434
2.3835813, 48.8521511
2.3835712, 48.8521485
2.30348902, 48.8713351
2.3332648, 48.8627708
2.383591, 48.8521509
2.3836082, 48.8521518
2.3835894, 48.8521521
2.3835932, 48.8521481
2.3836038, 48.8521443
4.89949937, 52.37858073
2.33441, 48.8778992
2.3835052, 48.8521443
2.3834938, 48.8521341
2.39406601, 48.89258179
2.3835475, 48.8521372
4.88256, 52.368776
4.89329, 52.3639793
2.16667, 49.0667
2.3835354, 48.8521432
2.3835418, 48.8521548
2.3835645, 48.8521411
2.383481, 48.8521467
2.3835522, 48.8521452
2.3834968, 48.852143
2.3835596, 48.8521465
2.3835019, 48.8521522
2.3835253, 48.8521511
2.3835303, 48.8521619
2.3834996, 48.8521507
2.3834966, 48.8521415
2.3835554, 48.8521493
2.3835203, 48.8521411
2.3835196, 48.8520856
2.3835245, 48.852165
2.3834999, 48.8521478
2.3835259, 48.852158
2.3835212, 48.8521679
2.3835181, 48.8521617
2.3756611, 48.8522557
2.3835496, 48.8521492
2.3835764, 48.8521491
2.3835716, 48.8521468
2.38173169, 48.85652795
2.3835867, 48.8521565
2.3835613, 48.8521638
2.3835506, 48.8521623
2.3835363, 48.8521491
2.383549, 48.8521458
2.3835266, 48.8521423
2.3835289, 48.8521434
2.3835723, 48.8521371
2.3835448, 48.8521487
2.3835639, 48.8521414
2.3835625, 48.852143
2.3835335, 48.8521479
2.3835319, 48.8521401
2.3835346, 48.8521528
2.3835403, 48.8521411
2.3835612, 48.8521446
2.3835483, 48.8521579
2.3835289, 48.8521452
2.3835591, 48.8521531
2.3835591, 48.8521531
2.3835425, 48.8521549
2.383553, 48.8521444
2.3835435, 48.8521442
2.3835652, 48.8521379
2.3835626, 48.8521415
2.3835325, 48.852144
2.3835481, 48.8521417
2.3835779, 48.8521367
2.383563, 48.8521412
2.3835409, 48.8521446
2.3835345, 48.8521497
2.3835451, 48.8521439
2.3835657, 48.8521379
2.3835277, 48.8521546
-117.88990093, 33.86453223
2.3835847, 48.8521406
2.3835603, 48.8521262
2.5766853, 49.0038392
2.5766959, 49.0038087
2.3835748, 48.8521479
2.38355, 48.8521394
2.3835643, 48.8521408
2.3835827, 48.8521569
2.383562, 48.8521397
2.29706, 48.8646317
2.3835806, 48.8521486
2.12394516, 48.80401067
2.3835208, 48.8521554
2.3834821, 48.8521608
2.3835447, 48.8521401
2.33232222, 48.83400833
2.295, 48.8738
2.3835485, 48.8521473
2.3835451, 48.8521683
2.3835376, 48.8521391
2.383549, 48.8521477
2.3835562, 48.852157
2.3835312, 48.8521573
2.3835364, 48.8521567
2.3835364, 48.8521567
2.3835574, 48.852155
2.3835574, 48.852155
2.3835297, 48.8521753
2.3835733, 48.8521771
2.3835658, 48.8521454
2.3232701, 48.8660507
2.3835529, 48.8521676
2.3835306, 48.852181
2.3835429, 48.8521547
2.3835522, 48.8521558
2.383543, 48.8521587
2.3835365, 48.852163
2.38357, 48.8521697
2.3835774, 48.8521647
2.3835553, 48.8521328
2.3835624, 48.852135
2.383561, 48.8521634
2.3835534, 48.8521522
2.3835685, 48.8521414
2.383564, 48.8521498
2.383564, 48.8521498
2.3835561, 48.8521546
-0.12353349, 51.53236712
2.3835506, 48.8521582
2.3835665, 48.8521377
-0.1982, 51.5734
2.3835432, 48.8521492
2.3835681, 48.852147
2.3835764, 48.8521533
2.383557, 48.8521668
2.3835657, 48.8521536
2.3835551, 48.8521407
2.3835646, 48.8521364
2.3835773, 48.8521392
2.3835622, 48.8521443
2.3835673, 48.852151
2.3835648, 48.85216
-0.0806256, 51.5146484
2.3835575, 48.8521652
2.383536, 48.8521707
-0.1411814, 51.509449
-0.1455589, 51.5411572
2.3835592, 48.8521603
2.3835554, 48.8521819
2.3835751, 48.8521574
2.3835754, 48.8521493
2.383556, 48.852149
2.3835742, 48.8521514
2.3835538, 48.8521263
2.383561, 48.852168
2.3834402, 48.8521194
2.3835521, 48.8521735
2.3835307, 48.8521657
2.3833915, 48.8520775
2.3835568, 48.8521496
2.3835602, 48.8521548
2.38353, 48.8521604
2.3835457, 48.8521383
2.3835417, 48.8521513
2.3835744, 48.8521336
2.36529152, 48.8778397
2.3835497, 48.8521658
2.3835343, 48.8521634
2.3835638, 48.852167
2.383488, 48.8521136
2.3834518, 48.8521068
2.3835721, 48.8521632
2.3835624, 48.8521694
2.3834872, 48.852145
2.3835508, 48.8521726
2.30348902, 48.8713351
2.3835802, 48.8521473
2.3835841, 48.8521422
2.3835791, 48.8521501
2.3835442, 48.8521707
2.3835466, 48.8521588
2.3835572, 48.8521631
2.3835439, 48.8521606
2.3835422, 48.852172
2.3835662, 48.8521607
2.3835421, 48.8521619
2.3835593, 48.8521584
2.383549, 48.8521579
2.3835551, 48.8521556
2.3834858, 48.8521278
2.3835198, 48.8521536
2.25, 48.88833333
2.3835581, 48.8521535
2.3525073, 48.8611177
2.3835834, 48.8521381
2.3835471, 48.8521523
2.3835816, 48.8521359
2.3835484, 48.8521467
2.3835525, 48.852136
2.3835555, 48.852145
2.3835406, 48.8521388
2.3835677, 48.8521379
2.3835155, 48.8521572
2.3835105, 48.8521334
2.3835134, 48.8521573
2.3834916, 48.8521467
2.3835442, 48.8521337
2.3835991, 48.8521501
2.3835537, 48.8521499
2.3835568, 48.8521473
2.3835863, 48.8521401
2.3404, 48.8869209
2.3835461, 48.8521578
2.3835789, 48.8521425
2.3756084, 48.8522279
2.3835577, 48.8521625
2.3835469, 48.8521692
2.3835596, 48.8521638
2.3835525, 48.8521735
2.3835601, 48.8521613
2.32602851, 48.86025591
2.3835509, 48.8521593
2.3835314, 48.8521744
2.3835667, 48.8521317
2.34583333, 48.84611111
2.3835426, 48.8521559
2.29811714, 48.8590256
2.38349036, 48.85214687
-115.17568756, 36.09299069
-115.17568756, 36.09299069
-117.934731, 33.8688289
-117.9228814, 33.8684426
-117.8438476, 33.6470109
-117.8314255, 33.6408253
-117.8314661, 33.6408099
-117.8314412, 33.6408368
-117.8412433, 33.6472781
-118.2441287, 34.0541174
-117.8448633, 33.6497239
-117.8314963, 33.6408449
-117.8449922, 33.6502201
-117.8450068, 33.6502257
-117.8315022, 33.6408248
-117.8314596, 33.6408495
