lon, lat
-1.26667, 49.6
2.3300099, 48.8287201
-2.033186, 48.65299
-2.02470077, 48.6497954
-1.511393, 48.636028
-1.511389, 48.635834
-1.5114, 48.636
-0.15830615, 51.50630462
-0.13444444, 51.51
-0.15830615, 51.50630462
-0.13343587, 51.51211209
-0.16393662, 51.50671243
-0.12961888, 51.51643416
2.35546918, 48.88191121
2.35546918, 48.88191121
2.29811714, 48.8590256
2.29811714, 48.8590256
2.29405589, 48.85819105
2.29405589, 48.85819105
2.29405589, 48.85819105
2.29811714, 48.8590256
2.3508, 48.8567
-0.25791536, 49.27633612
4.83008932, 45.76002653
4.83311067, 45.75766024
2.3508, 48.8567
7.7698715, 48.58641671
7.7623, 48.5981102
7.74865707, 48.58186067
7.74865707, 48.58186067
7.74055556, 48.58083333
7.74055556, 48.58083333
2.32214075, 48.84197366
2.29811714, 48.8590256
2.29811714, 48.8590256
2.29811714, 48.8590256
2.37097348, 48.86321419
2.3819699, 48.8538399
2.3819699, 48.8538399
2.3508, 48.8567
2.3508, 48.8567
2.3222301, 48.8286591
2.48537994, 49.19238608
2.3508, 48.8567
2.3508, 48.8567
2.3508, 48.8567
2.37097348, 48.86321419
2.51056914, 48.37376012
2.51056914, 48.37376012
2.51056914, 48.37376012
2.51056914, 48.37376012
2.51056914, 48.37376012
2.51056914, 48.37376012
2.51056914, 48.37376012
2.51056914, 48.37376012
2.34865, 48.8630219
-1.26667, 49.6
-1.26667, 49.6
-1.27264844, 49.57700225
-1.27264844, 49.57700225
-1.27264844, 49.57700225
-1.27264844, 49.57700225
-1.2645948, 49.5862389
-1.335209, 49.626318
-1.31667, 49.6333
-1.335209, 49.626318
-1.26667, 49.6
2.37617631, 48.90273622
2.37617631, 48.90273622
2.370556, 48.898611
2.370556, 48.898611
2.37012112, 48.89020695
2.37012112, 48.89020695
2.37012112, 48.89020695
2.37012112, 48.89020695
2.37012112, 48.89020695
2.37012112, 48.89020695
2.35983073, 48.8913966
2.35983073, 48.8913966
2.35983073, 48.8913966
2.35983073, 48.8913966
2.35983073, 48.8913966
2.35983073, 48.8913966
2.34415369, 48.89220193
2.31632718, 48.89052977
2.3508, 48.8567
2.3508, 48.8567
2.312, 48.88
2.3508, 48.8567
2.3280399, 48.84272
2.3280399, 48.84272
2.32666667, 48.82833333
5.53654, 43.54053
5.64527778, 43.53916667
5.64527778, 43.53916667
5.53654, 43.54053
5.64527778, 43.53916667
5.454, 43.5311
5.44622768, 43.53828712
5.44652973, 43.52728386
-1.27264, 49.57676126
-1.27264, 49.57676126
-1.26667, 49.6
2.33376666, 48.8672835
2.32666667, 48.82833333
2.3415999, 48.8574104
2.34865, 48.8630219
2.33127, 48.8589096
2.32666667, 48.82833333
2.32666667, 48.82833333
-1.2645948, 49.5862389
-1.2645948, 49.5862389
-1.26429492, 49.58714261
2.26213403, 48.8648269
2.26213403, 48.8648269
2.32545417, 48.8422362
2.3508, 48.8567
2.34865, 48.8630219
2.34865, 48.8630219
2.32111761, 48.82816493
2.34822958, 48.85381689
2.36418438, 48.86746503
2.42511593, 48.83086446
2.32644204, 48.82591909
2.35173393, 48.86056285
2.35173393, 48.86056285
2.35173393, 48.86056285
2.35173393, 48.86056285
2.35173393, 48.86056285
2.35173393, 48.86056285
2.35173393, 48.86056285
2.35173393, 48.86056285
2.34865, 48.8630219
2.35606371, 48.87850947
2.29811714, 48.8590256
2.29811714, 48.8590256
2.32111761, 48.82816493
2.31391426, 48.86308091
2.3004799, 48.8716888
2.34316537, 48.88576522
2.34316537, 48.88576522
2.57135704, 49.00401586
-1.27185609, 49.57695514
-1.27185609, 49.57695514
2.32345027, 48.86161346
2.32315213, 48.86176295
2.31726129, 48.84657422
2.31726129, 48.84657422
-1.2645948, 49.5862389
2.33282719, 48.83415712
2.32293, 48.82958
34.77561068, 32.08926409
34.76347041, 32.07054835
34.76347041, 32.07054835
34.74715671, 32.03782912
34.7746227, 32.09854072
34.77441, 32.09133
34.76965285, 32.08662183
34.77026583, 32.07087265
34.77026583, 32.07087265
34.77026583, 32.07087265
34.77026583, 32.07087265
35.23381671, 31.77642014
35.23381671, 31.77642014
34.7744637, 32.07803454
35.23194067, 31.77715244
34.76615602, 32.07332413
34.92258338, 32.13103947
34.92258338, 32.13103947
34.7746227, 32.09854072
34.75306957, 32.05395785
34.75306957, 32.05395785
34.7689578, 32.06861242
34.75306957, 32.05395785
34.75306957, 32.05395785
34.75306957, 32.05395785
34.75306957, 32.05395785
34.75306957, 32.05395785
34.75306957, 32.05395785
34.76990498, 32.09050782
34.76990498, 32.09050782
34.7740278, 32.08960883
34.77364597, 32.09781931
34.77364597, 32.09781931
34.77364597, 32.09781931
34.7740278, 32.08960883
2.57135704, 49.00401586
2.29811714, 48.8590256
2.35151, 48.86004
2.35151, 48.86004
2.35151, 48.86004
2.24921667, 48.84716389
2.29811714, 48.8590256
2.29811714, 48.8590256
2.3002244, 48.85587195
2.35151, 48.86004
2.33447536, 48.86377708
2.330325, 48.832139
2.32666667, 48.82833333
2.32666667, 48.82833333
2.32666667, 48.82833333
2.390833, 48.893056
2.36059126, 48.88526701
2.36059126, 48.88526701
2.36059126, 48.88526701
2.32666667, 48.82833333
2.34833861, 48.85334705
2.33783458, 48.84692127
2.33783458, 48.84692127
2.32666667, 48.82833333
2.70055556, 48.40222222
2.69893753, 48.40696256
2.306737, 48.85511
-1.6823491, 48.11165011
2.28906654, 48.86228696
2.3334291, 48.87136504
2.12394516, 48.80401067
2.12394516, 48.80401067
2.12394516, 48.80401067
2.12394516, 48.80401067
2.12394516, 48.80401067
2.12394516, 48.80401067
2.35084, 48.8569
2.29494925, 48.86468082
2.29494925, 48.86468082
2.29494925, 48.86468082
2.29494925, 48.86468082
2.29494925, 48.86468082
2.29494925, 48.86468082
2.29494925, 48.86468082
2.29494925, 48.86468082
2.29494925, 48.86468082
2.32787228, 48.82908017
2.39307918, 48.89385146
2.39307918, 48.89385146
2.39307918, 48.89385146
2.39307918, 48.89385146
2.39307918, 48.89385146
2.39307918, 48.89385146
2.40465536, 48.83799327
2.32681235, 48.82735347
2.33333, 48.8667
2.32605835, 48.82995077
2.32593051, 48.86018303
2.32593051, 48.86018303
2.32593051, 48.86018303
2.32593051, 48.86018303
2.32593051, 48.86018303
2.38654942, 48.83300935
2.40187962, 48.83762268
2.32666667, 48.82833333
-1.26384258, 49.58676788
-1.26869951, 49.58672981
2.36430621, 48.86742719
2.36430621, 48.86742719
2.36430621, 48.86742719
2.36430621, 48.86742719
2.37117907, 48.85661424
2.29666344, 48.86436566
2.29666344, 48.86436566
2.29666344, 48.86436566
2.29666344, 48.86436566
2.29666344, 48.86436566
2.29666344, 48.86436566
2.29666344, 48.86436566
2.29666344, 48.86436566
2.29666344, 48.86436566
2.29666344, 48.86436566
2.33333, 48.8667
2.3212428, 48.8656531
2.3212428, 48.8656531
2.32400035, 48.86482596
2.34853237, 48.8533898
2.34853237, 48.8533898
2.34853237, 48.8533898
2.32601234, 48.82981791
2.28843628, 48.86217561
2.30305472, 48.85593612
2.35171801, 48.86077825
2.35171801, 48.86077825
2.35171801, 48.86077825
2.35171801, 48.86077825
2.35171801, 48.86077825
2.35171801, 48.86077825
2.35171801, 48.86077825
2.35171801, 48.86077825
2.35171801, 48.86077825
2.35171801, 48.86077825
2.35171801, 48.86077825
2.35171801, 48.86077825
2.35171801, 48.86077825
2.35171801, 48.86077825
2.35171801, 48.86077825
2.35171801, 48.86077825
-1.6794, 48.1147
2.29442726, 48.85831896
2.29442726, 48.85831896
2.29442726, 48.85831896
2.34854077, 48.86260605
-0.14215813, 51.49682917
-0.08799304, 51.52427359
-0.14441888, 51.49514609
-0.09854711, 51.50919594
-0.19440957, 51.48014204
-0.10150705, 51.50851043
-0.07558474, 51.50514919
-0.08777778, 51.50805556
-0.1275, 51.5072
2.35431609, 48.88087736
2.35431609, 48.88087736
2.35512011, 48.84423851
2.26382122, 48.87630681
2.26382122, 48.87630681
2.26382122, 48.87630681
2.26382122, 48.87630681
2.26382122, 48.87630681
2.26382122, 48.87630681
2.26382122, 48.87630681
2.26382122, 48.87630681
2.26382122, 48.87630681
2.26382122, 48.87630681
2.32757346, 48.8291736
2.32751727, 48.82931287
2.28661805, 48.82815755
2.32666667, 48.82833333
2.25908516, 48.7787858
2.25908978, 48.77894911
2.32763916, 48.82919624
-1.04407591, 48.10470269
-1.05089201, 48.1138427
-1.86909886, 48.13682249
-3.23464575, 48.79642802
2.32769388, 48.82923658
2.32602192, 48.83087218
2.32602192, 48.83087218
2.32602192, 48.83087218
2.26251637, 48.78059844
2.26331976, 48.78069275
2.26206776, 48.780514
-1.27001925, 49.59067285
2.25949499, 48.77822119
2.26240386, 48.78282787
2.32757451, 48.82931968
2.32755469, 48.82928798
2.32759031, 48.82925189
2.32763945, 48.8291983
2.32763156, 48.82914171
2.32765519, 48.82911937
2.32771661, 48.8291049
2.32775206, 48.82886042
4.85197256, 45.77372128
4.88157193, 45.77954342
4.854261, 45.784928
