lon, lat
-61.4667, 12.4833
-61.396143, 12.544537
-61.3662379, 12.64091727
-61.396143, 12.544537
-61.03888889, 14.44305556
-61.03888889, 14.44305556
-61.03888889, 14.44305556
-61.03888889, 14.44305556
-61.03888889, 14.44305556
-61.03888889, 14.44305556
-61.08077191, 14.49062446
-61.08077191, 14.49062446
-61.08077191, 14.49062446
-61.1777917, 14.7474705
-61.17848266, 14.74795637
-61.17848266, 14.74795637
-61.075293, 14.6349435
-61.075293, 14.6349435
-61.08077191, 14.49062446
-61.08077191, 14.49062446
-61.08077191, 14.49062446
-61.03888889, 14.44305556
-61.03888889, 14.44305556
-61.03888889, 14.44305556
-61.03888889, 14.44305556
-61.03888889, 14.44305556
-60.92520828, 14.49653357
-60.91062516, 14.46240494
-60.91062516, 14.46240494
-61.09301135, 14.66401932
-61.09301135, 14.66401932
-60.93004796, 14.49692071
-60.92520828, 14.49653357
-60.92520828, 14.49653357
-61.075293, 14.6349435
-60.92192855, 14.46787835
-60.92520828, 14.49653357
-61.03888889, 14.44305556
-60.92520828, 14.49653357
-61.029994, 14.47925442
-61.029994, 14.47925442
-60.93004796, 14.49692071
-60.93004796, 14.49692071
2.3508, 48.8567
2.33256509, 48.8334087
2.29645514, 48.86472317
2.29645514, 48.86472317
2.3508, 48.8567
2.3508, 48.8567
2.395792, 48.839644
2.395792, 48.839644
2.29811714, 48.8590256
2.29811714, 48.8590256
2.29811714, 48.8590256
2.29811714, 48.8590256
2.29811714, 48.8590256
2.29811714, 48.8590256
2.29811714, 48.8590256
2.29811714, 48.8590256
2.29811714, 48.8590256
2.36418438, 48.86746503
2.38976835, 48.85537954
2.28913338, 48.80188151
3.08333, 42.5167
2.38416667, 48.83388889
2.38416667, 48.83388889
2.38416667, 48.83388889
2.3765528, 48.83232077
2.3765528, 48.83232077
2.3765528, 48.83232077
2.35179823, 48.85714786
2.35179823, 48.85714786
2.35179823, 48.85714786
2.395792, 48.839644
2.3694718, 48.8406509
2.3694718, 48.8406509
2.3508, 48.8567
2.3508, 48.8567
2.34812112, 48.85403318
2.35222222, 48.85638889
2.3508, 48.8567
2.3508, 48.8567
5.14277791, 43.63261236
5.14277791, 43.63261236
5.14277791, 43.63261236
5.14277791, 43.63261236
5.14277791, 43.63261236
5.14277791, 43.63261236
2.3508, 48.8567
2.33142227, 48.87859112
2.33029556, 48.86432655
2.35141271, 48.85712604
2.33029556, 48.86432655
2.35141271, 48.85712604
2.33029556, 48.86432655
2.33029556, 48.86432655
2.3746567, 48.8363979
2.372773, 48.837069
2.39641613, 48.84869108
4.08333, 48.3
4.08333, 48.3
4.08333, 48.3
4.08333, 48.3
4.08333, 48.3
4.08333, 48.3
2.369167, 48.853333
2.340689, 48.873907
5.14277791, 43.63261236
5.14277791, 43.63261236
5.14277791, 43.63261236
5.14277791, 43.63261236
5.14277791, 43.63261236
5.14277791, 43.63261236
5.14277791, 43.63261236
5.14277791, 43.63261236
2.395792, 48.839644
2.395792, 48.839644
2.28913338, 48.80188151
2.3508, 48.8567
2.3893001, 48.8326492
2.3893001, 48.8326492
2.3737018, 48.84470097
2.37025413, 48.85407169
2.3672996, 48.84878209
2.369167, 48.853333
2.395792, 48.839644
2.3765528, 48.83232077
2.395811, 48.839815
2.29145307, 48.85049691
2.3508, 48.8567
5.25776235, 43.33958411
3.69856657, 43.40326464
3.69856657, 43.40326464
3.10583333, 42.51888889
3.51169043, 43.2839433
2.37535546, 48.84431
2.28784157, 48.80333749
2.3508, 48.8567
2.3508, 48.8567
2.395792, 48.839644
5.14277791, 43.63261236
5.14277791, 43.63261236
5.09728269, 43.64052597
5.14277791, 43.63261236
5.14277791, 43.63261236
2.39664708, 48.84322345
2.3468001, 48.857399
2.35526217, 48.88105155
2.3371501, 48.8660812
2.35526217, 48.88105155
2.3468001, 48.857399
2.3566416, 48.84186077
2.38476744, 48.89402394
2.3566416, 48.84186077
2.33577434, 48.86554697
2.33577434, 48.86554697
2.31621857, 48.86327706
2.3566416, 48.84186077
2.28106606, 48.84970792
2.29811714, 48.8590256
2.33577434, 48.86554697
2.33577434, 48.86554697
2.39664708, 48.84322345
5.14277791, 43.63261236
5.14277791, 43.63261236
5.14277791, 43.63261236
5.14277791, 43.63261236
5.14277791, 43.63261236
2.38773437, 48.84218598
2.38773437, 48.84218598
2.3780601, 48.8463516
2.3780601, 48.8463516
5.14281328, 43.63195514
5.10086477, 43.63217308
5.14281328, 43.63195514
5.14281328, 43.63195514
2.39267327, 48.84036267
2.39267327, 48.84036267
2.39637732, 48.8395816
2.39637732, 48.8395816
5.1597472, 43.6381701
5.53996094, 43.21527298
5.53996094, 43.21527298
5.15406715, 43.63051985
5.15406715, 43.63051985
5.15406715, 43.63051985
4.9253843, 43.78451567
4.9253843, 43.78451567
5.10086477, 43.63217308
5.10086477, 43.63217308
5.15406715, 43.63051985
5.15406715, 43.63051985
5.15406715, 43.63051985
5.15406715, 43.63051985
5.15406715, 43.63051985
5.15406715, 43.63051985
2.28932317, 48.79773055
9.01322955, 42.64036201
9.01322955, 42.64036201
9.01322955, 42.64036201
9.01322955, 42.64036201
9.01322955, 42.64036201
9.01872651, 42.63604814
9.01322955, 42.64036201
9.01322955, 42.64036201
9.01872651, 42.63604814
34.88597594, 25.0629859
2.395792, 48.839644
