lon, lat
2.3139601, 48.8677483
2.35198, 48.8606796
2.3459799, 48.8551292
2.34812112, 48.85403318
2.28795251, 48.86219263
2.30348902, 48.8713351
2.28795251, 48.86219263
2.3508, 48.8567
2.3508, 48.8567
2.36418438, 48.86746503
2.3708701, 48.863121
2.3708701, 48.863121
2.36418438, 48.86746503
2.36418438, 48.86746503
2.36418438, 48.86746503
2.35911075, 48.85593044
2.3508, 48.8567
2.19158013, 41.37962545
2.33469187, 48.88499116
2.32611111, 48.86388889
2.35222222, 48.85638889
2.34807157, 48.85393035
2.33630969, 48.86181344
2.35173393, 48.86056285
2.19162542, 41.37966929
2.3508, 48.8567
2.345611, 48.8533964
2.32611111, 48.86388889
2.31467822, 48.86746802
2.18333, 41.3833
2.3508, 48.8567
2.32974226, 48.8676684
2.309167, 48.879167
2.29783404, 48.81866203
2.31361111, 48.86361111
2.3390999, 48.8525314
2.3508, 48.8567
2.19245769, 41.37966039
2.3508, 48.8567
2.25619666, 48.83452891
2.35310145, 48.85104757
2.35002282, 48.85588423
2.328152, 48.834498
2.36516362, 48.86704966
2.3502753, 48.85603074
2.7805441, 48.86814021
2.7805441, 48.86814021
