lon, lat
2.4015676, 48.86837463
2.4015676, 48.86837463
2.4015676, 48.86837463
2.3508, 48.8567
2.4015676, 48.86837463
2.4015676, 48.86837463
2.4015676, 48.86837463
2.4015676, 48.86837463
2.4015676, 48.86837463
2.4015676, 48.86837463
2.4015676, 48.86837463
2.4015676, 48.86837463
2.3508, 48.8567
2.3508, 48.8567
2.3508, 48.8567
2.4015676, 48.86837463
2.3508, 48.8567
2.3508, 48.8567
2.4015676, 48.86837463
2.4015676, 48.86837463
2.4015676, 48.86837463
2.3508, 48.8567
2.4015676, 48.86837463
2.4015676, 48.86837463
2.4015676, 48.86837463
2.4015676, 48.86837463
2.3508, 48.8567
2.3508, 48.8567
2.3508, 48.8567
2.3508, 48.8567
2.4015676, 48.86837463
2.3508, 48.8567
2.3508, 48.8567
2.4015676, 48.86837463
2.3508, 48.8567
2.3508, 48.8567
2.4015676, 48.86837463
2.4015676, 48.86837463
