lon, lat
2.33095679, 48.87223424
2.374683, 48.884543
2.37, 48.88361111
2.37, 48.88361111
2.36418438, 48.86746503
2.36418438, 48.86746503
2.36418438, 48.86746503
2.36418438, 48.86746503
2.36418438, 48.86746503
2.374683, 48.884543
2.374683, 48.884543
2.374683, 48.884543
2.374683, 48.884543
2.374683, 48.884543
2.33210217, 48.87100446
2.337749, 48.864983
2.337749, 48.864983
2.329414, 48.867469
2.32974226, 48.8676684
2.32974226, 48.8676684
2.32175253, 48.86591929
2.32175253, 48.86591929
2.374683, 48.884543
-1.54152256, 47.21708974
-1.5, 47.3
-1.528333, 47.345556
-1.528333, 47.345556
2.337749, 48.864983
2.337749, 48.864983
2.337749, 48.864983
2.337749, 48.864983
2.337749, 48.864983
2.337749, 48.864983
2.33166667, 48.87194444
2.37235461, 48.88114984
2.37081176, 48.87773127
2.375375, 48.885658
2.32816, 48.871628
2.33381944, 48.86715
2.33381944, 48.86715
2.33381944, 48.86715
2.33381944, 48.86715
-3.2275, 47.31111111
-3.23767737, 47.30485344
-3.1538316, 47.34714117
-3.1538316, 47.34714117
-3.1538316, 47.34714117
2.3726344, 48.88530655
2.37752756, 48.88377838
2.33395111, 48.86701129
2.38853815, 48.89466283
2.37755553, 48.88378047
2.33396564, 48.86703541
2.33383333, 48.86783333
2.37347708, 48.8833047
2.3701128, 48.89021231
2.3701128, 48.89021231
2.3701128, 48.89021231
2.33271198, 48.87088708
2.37264017, 48.88465255
2.37495644, 48.86475822
2.37489482, 48.86473761
2.37486661, 48.86475703
2.36430621, 48.86742719
2.36430621, 48.86742719
2.36430621, 48.86742719
2.36430621, 48.86742719
2.36430621, 48.86742719
2.36430621, 48.86742719
2.36430621, 48.86742719
2.36430621, 48.86742719
2.36430621, 48.86742719
2.36430621, 48.86742719
2.3335, 48.86766667
2.37751662, 48.88376788
-1.46107065, 47.32775747
-1.46107065, 47.32775747
2.37753083, 48.88378508
2.33402669, 48.86725958
2.37761031, 48.88378571
2.37762128, 48.88382011
2.37755525, 48.88379813
2.37758854, 48.88373929
2.37756882, 48.8837857
2.37763151, 48.88382158
2.37754193, 48.88381166
2.37761542, 48.88378616
-1.4647954, 47.31925768
2.37740398, 48.88370092
2.37753575, 48.88377695
2.37752208, 48.8837646
2.37752208, 48.8837646
2.37749434, 48.88374911
2.37751085, 48.88378704
2.33380183, 48.86715021
2.33380183, 48.86715021
2.32802132, 48.86319568
2.38172871, 48.88328729
-3.2275, 47.31111111
-3.15367626, 47.34730934
-3.24922513, 47.38741822
-3.15367626, 47.34730934
-3.15367626, 47.34730934
-3.15367626, 47.34730934
-3.01890848, 47.45599004
-3.01890848, 47.45599004
2.36874, 48.88426
2.33380183, 48.86715021
2.37643022, 48.88464468
2.38853815, 48.89466283
2.37643022, 48.88464468
2.37745154, 48.88369878
2.37746789, 48.88377094
2.37744989, 48.88375375
2.37740917, 48.88375413
2.37740669, 48.88373583
2.37750814, 48.88380778
2.37756644, 48.88381946
2.37749632, 48.88378993
2.37755103, 48.88381909
2.37752178, 48.88381486
2.37755619, 48.88379498
