lon, lat
21.0122, 52.2498
20.97600178, 52.17975212
21.0122, 52.2498
20.97600178, 52.17975212
20.97600178, 52.17975212
21.03496498, 52.21422261
20.9809799, 52.2328415
21.0122, 52.2498
21.03496498, 52.21422261
21.0, 52.25
2.57713541, 49.00582179
2.309167, 48.879167
2.34242778, 48.85653889
2.34242778, 48.85653889
2.35603, 48.8573303
2.3508, 48.8567
28.9715633, 41.01749012
2.355, 48.84194444
2.330606, 48.839194
2.3508, 48.8567
2.29811714, 48.8590256
2.29811714, 48.8590256
2.29811714, 48.8590256
2.32172938, 48.86562942
2.29811714, 48.8590256
2.29811714, 48.8590256
2.29811714, 48.8590256
-7.34933733, 40.77916275
-7.34933733, 40.77916275
-7.3501501, 40.7770805
2.3561399, 48.8493309
2.3591199, 48.8549004
28.98353375, 41.03652634
2.34812112, 48.85403318
2.29811714, 48.8590256
29.02694444, 41.04694444
2.33172081, 48.87337081
3.06458036, 50.63713149
2.328469, 48.874076
28.9746494, 41.0264893
28.9647, 41.0186
2.33529121, 48.86148756
2.33529121, 48.86148756
2.3508, 48.8567
2.3508, 48.8567
28.9647, 41.0186
28.9647, 41.0186
28.9746494, 41.0264893
29.02694444, 41.04694444
28.9647, 41.0186
28.9807836, 41.0347445
28.97475408, 41.0258546
28.97416, 41.02561
28.9807836, 41.0347445
28.9767609, 41.0346794
28.97686506, 41.03241413
28.9647, 41.0186
28.9647, 41.0186
29.02361111, 41.04805556
28.9647, 41.0186
28.96861111, 41.0175
28.97416765, 41.02700787
28.9807836, 41.0347445
28.7995747, 40.96449697
28.9807836, 41.0347445
28.97571734, 41.03013553
28.97686506, 41.03241413
28.97416765, 41.02700787
2.322, 48.8421
2.31598, 48.8558693
2.31598, 48.8558693
2.31598, 48.8558693
3.06458036, 50.63713149
2.322, 48.8421
2.33837823, 48.81934809
2.343, 48.88669444
2.31598, 48.8558693
2.31598, 48.8558693
2.31598, 48.8558693
2.32172938, 48.86562942
2.295, 48.8738
2.32416868, 48.87092422
2.29811714, 48.8590256
2.33529121, 48.86148756
2.328469, 48.874076
2.34812112, 48.85403318
2.36401101, 48.84286569
2.29811714, 48.8590256
2.878266, 50.47807014
2.32227222, 48.86385556
2.33172081, 48.87337081
2.32445468, 48.86989962
2.32227222, 48.86385556
2.34672037, 48.85510059
2.3521199, 48.8712502
2.33833333, 48.82222222
3.06257182, 50.63076228
2.36992597, 48.84102661
2.309167, 48.879167
2.35526217, 48.88105155
2.878266, 50.47807014
2.33837823, 48.81934809
3.06257182, 50.63076228
2.878266, 50.47807014
3.06317, 50.64111
3.06317, 50.64111
3.06667, 50.6333
3.06257182, 50.63076228
3.06316765, 50.63896907
3.06340645, 50.63688453
3.06340645, 50.63688453
2.295, 48.8738
2.37026739, 48.84095699
2.29811714, 48.8590256
2.33694444, 48.86333333
2.335812, 48.860854
2.33529121, 48.86148756
2.33529121, 48.86148756
2.33529121, 48.86148756
2.33529121, 48.86148756
2.33529121, 48.86148756
2.33529121, 48.86148756
2.309167, 48.879167
2.36418438, 48.86746503
2.37026739, 48.84095699
2.33529121, 48.86148756
2.36418438, 48.86746503
2.33529121, 48.86148756
2.33529121, 48.86148756
2.29706, 48.8646317
2.29706, 48.8646317
2.36992597, 48.84102661
2.36992597, 48.84102661
2.36992597, 48.84102661
2.32172938, 48.86562942
2.33529121, 48.86148756
2.32536389, 48.82318889
2.3508, 48.8567
2.30348902, 48.8713351
2.23896431, 48.89129919
2.23583333, 48.89277778
2.33719264, 48.84889235
2.29811714, 48.8590256
2.34812112, 48.85403318
2.3494, 48.8536797
2.36418438, 48.86746503
2.3508, 48.8567
2.34812112, 48.85403318
2.3459201, 48.8556709
