lon, lat
-3.8159298, 40.3448822
-3.815921, 40.3448854
-3.8159411, 40.3448891
-3.8159278, 40.3448788
-3.8158924, 40.3449872
-3.8159299, 40.3449051
-3.816929, 40.3447968
-3.815897, 40.3449349
-3.8159279, 40.3449145
-3.8169296, 40.344796
-3.7473097, 40.3606123
-3.8159229, 40.3449497
-3.8159392, 40.3448939
-3.8158965, 40.3448647
-3.815927, 40.3448758
-3.8159281, 40.3448724
-3.8159372, 40.344952
-3.8159683, 40.3449274
-3.8159595, 40.3449369
-3.8159378, 40.3448902
-3.8159175, 40.3450249
-3.8159421, 40.3448959
-3.8159256, 40.344925
-3.8159531, 40.344906
-3.8159438, 40.3448911
-3.8159503, 40.3448743
-3.8159146, 40.3449346
-3.816712, 40.344819
-3.8136465, 40.3484075
-3.8151792, 40.3466132
-3.8165947, 40.3448495
-3.8393754, 40.3490163
-3.8159195, 40.3449237
-3.8159122, 40.344957
-3.8212032, 40.3476277
-3.8159209, 40.3448915
-3.8159208, 40.3449722
-3.8159208, 40.3449722
-3.8159208, 40.3449722
-3.8159208, 40.3449722
-3.8159208, 40.3449722
-3.82127, 40.3476108
-3.8159483, 40.344889
-3.8159162, 40.344902
-3.8159368, 40.3448891
-3.8159304, 40.3448809
-3.8159248, 40.3448734
-3.8212574, 40.3477122
-3.8159188, 40.3448739
-3.8159343, 40.3449128
-3.8159217, 40.344926
-3.8159259, 40.3449101
-3.8158938, 40.3449325
-3.8159588, 40.3448799
-3.8159166, 40.3449093
-3.8159214, 40.3448997
-3.815922, 40.3448886
-3.815922, 40.3448886
-3.8159287, 40.3449003
-3.8159182, 40.3449109
-3.8475879, 40.3207212
-3.8475785, 40.3207252
-3.8159034, 40.3449383
-3.8477756, 40.3121814
-3.815917, 40.344896
-3.8572643, 40.3323898
-3.8382736, 40.3496686
-3.8223709, 40.350262
-3.8159078, 40.3448965
-3.8474304, 40.3211158
-3.8474304, 40.3211158
-3.8159381, 40.3449225
-3.8159142, 40.3449067
-3.8158996, 40.3448749
-3.8333222, 40.3454089
-3.8158938, 40.3448607
-3.8158648, 40.3448988
-3.8159034, 40.3448947
-3.8159084, 40.3448749
-3.8159359, 40.3448771
-3.8395049, 40.3419269
-3.729301, 40.3381581
-3.8213834, 40.347615
-3.8159549, 40.3448985
-3.8159313, 40.3448576
-3.8159066, 40.3448723
-3.8159066, 40.3448723
-3.8266745, 40.3407924
-3.8158864, 40.3449892
-3.8399459, 40.3418062
-3.8158328, 40.3448699
-3.8159161, 40.3449283
-3.8159265, 40.3448516
-3.8159031, 40.3448304
-3.8158685, 40.3448543
-3.8159377, 40.3448386
-3.8159075, 40.3448328
-3.8209627, 40.3460956
-3.8275765, 40.3431173
