lon, lat
-3.6997945, 40.42690565
-3.6997945, 40.42690565
-3.6997945, 40.42690565
-3.6997945, 40.42690565
-3.6997945, 40.42690565
-3.6997945, 40.42690565
-73.99243, 40.70249
-73.9753, 40.7517
-74.02335762, 40.60361689
-73.99891, 40.70765
-74.01280908, 40.71215302
-74.0064, 40.7142
-73.95786387, 40.7178551
-73.99243, 40.70249
-73.99243, 40.70249
-74.00417681, 40.74228177
-73.99546285, 40.72687976
-73.99532242, 40.72707747
-74.0064, 40.7142
-73.959423, 40.771093
-73.959423, 40.771093
-74.0064, 40.7142
-74.00373214, 40.75078458
-73.98562585, 40.74880257
-73.98763597, 40.75460145
-74.0064, 40.7142
-3.81761, 40.4296112
-3.69978, 40.426899
-3.67166667, 40.42388889
-3.69978, 40.426899
-3.70648, 40.4171295
-3.6925, 40.45027778
-3.68609, 40.4235992
-3.56796229, 41.26854245
-3.94068417, 41.03594314
-3.6943056, 40.43790824
-3.68906, 40.4206581
-3.6994801, 40.4379005
-3.68327, 40.4329681
-3.69978, 40.426899
-3.69978, 40.426899
-3.70705073, 40.50169079
-3.6856999, 40.4352188
-3.6856999, 40.4352188
-3.64843469, 40.5518587
-3.69978, 40.426899
-3.69978, 40.426899
-3.6888164, 40.45290788
-3.6888164, 40.45290788
-3.6861929, 40.43637048
-3.69978, 40.426899
-3.69933742, 40.4372468
-3.69230967, 40.4191889
-3.82622588, 40.45736408
-3.70854735, 40.57285661
-3.70854735, 40.57285661
-3.69978, 40.426899
-3.69978, 40.426899
-3.69978, 40.426899
-3.68702784, 40.4378651
-3.69933742, 40.4372468
-3.69933742, 40.4372468
-3.69484, 40.4359512
1.40465045, 38.88327408
-3.6888164, 40.45290788
-3.6888164, 40.45290788
-3.7030399, 40.4337311
-3.68894476, 40.42044204
-3.68567513, 40.4225168
-3.67166667, 40.42388889
-3.68749691, 40.46261224
-3.71060722, 40.41825071
-3.71060722, 40.41825071
-3.69978, 40.426899
-3.75598014, 40.37260483
-3.69978, 40.426899
-3.6899364, 40.421648
-3.68567513, 40.4225168
-3.68894478, 40.42044144
-3.7030399, 40.4337311
-3.81667, 40.4333
-0.38333333, 39.46666667
-3.7, 42.35
-3.69898674, 42.34131907
-3.7, 42.35
-3.70447222, 42.34080556
-3.7, 42.35
-3.69978, 40.426899
-3.69978, 40.426899
-3.69978, 40.426899
-3.81667, 40.4333
-3.81667, 40.4333
-3.69978, 40.426899
-3.69978, 40.426899
-3.69907, 40.4403305
-3.72060556, 40.40171944
-3.72060556, 40.40171944
-5.8816299, 39.4611588
-5.88153254, 39.46012141
-3.69978, 40.426899
-3.69978, 40.426899
-3.69978, 40.426899
-3.69978, 40.426899
-5.74681, 41.5037308
-3.69978, 40.426899
-3.69978, 40.426899
-3.70654059, 40.42050533
-3.69978, 40.426899
-3.69978, 40.426899
-3.69978, 40.426899
-3.67206186, 40.42392845
-3.69978, 40.426899
-3.6888164, 40.45290788
-3.804414, 40.44192788
-4.85981941, 36.50753203
-4.51253093, 36.59768435
9.39263624, 41.0759977
-3.68315834, 40.43646287
-3.80884933, 40.43808378
-3.57601408, 40.58409143
-5.6020198, 36.0124702
-4.89121687, 36.51017225
-4.8233783, 36.5001837
-4.92121123, 36.53287761
-4.79739, 36.4966812
-4.79759336, 36.49798962
-4.96784, 36.50789
-4.96784, 36.50789
-4.89121687, 36.51017225
-4.92116877, 36.53283998
-3.7107601, 40.4268112
-3.68401326, 40.43393818
-3.72768981, 40.46748354
-3.80434526, 40.44192388
-3.6991443, 40.44019418
-3.71683651, 40.50479326
-3.70576774, 40.50145243
-3.69713989, 40.42383539
-0.01331, 38.81202
0.1049278, 38.846603
-3.70393501, 40.4204139
-3.69894, 40.4269218
1.43636236, 38.91050261
1.40608949, 38.88629691
1.40535583, 38.88516577
1.43409487, 38.75604783
1.40383241, 38.88305596
1.40608949, 38.88629691
12.47941435, 41.90002371
12.47279, 41.899525
12.47669928, 41.90039981
12.47666255, 41.89935323
12.49418856, 41.88996378
12.49484275, 41.9753339
12.45218329, 41.93402952
12.4524202, 41.9335594
12.4685538, 41.89048269
-3.69220909, 40.41892145
-3.71762067, 40.43387584
-3.69163381, 40.45199442
-3.7184468, 40.42677993
-2.72875006, 40.57562236
-5.98694, 37.3772
-3.6899364, 40.421648
-5.80861619, 35.77982016
-6.02936274, 35.47056743
-6.02936274, 35.47056743
-6.02936274, 35.47056743
-6.03556645, 35.46608212
-3.6853024, 40.42484231
-3.6998069, 40.42695781
-3.68806976, 40.45301724
-3.8177937, 40.43775125
-3.6998069, 40.42695781
-3.6998069, 40.42695781
-3.72061295, 40.40162047
-3.67353109, 40.43935205
-3.70704802, 40.5016944
-3.6998069, 40.42695781
-3.4993129, 38.41780388
-4.94102503, 36.50494119
-4.94102503, 36.50494119
-4.94102503, 36.50494119
-4.81522405, 36.49913252
-4.79766093, 36.49791425
-5.20688756, 36.38960311
-5.20688756, 36.38960311
-3.69991588, 40.42685242
-3.5924552, 40.4638032
-3.5924552, 40.4638032
-3.69991588, 40.42685242
-3.8177937, 40.43775125
-3.69991588, 40.42685242
-3.8177937, 40.43775125
-3.70333176, 40.41221963
-3.80452668, 40.44180959
-3.39871668, 37.09429385
-3.39871618, 37.09429489
-3.39871618, 37.09429489
-3.39871618, 37.09429489
-3.82663978, 40.45762698
-3.69991595, 40.42685269
-3.81553552, 40.46821868
-3.80436476, 40.44196261
-3.8044021, 40.44193887
-3.8177937, 40.43775125
-3.80446505, 40.44183066
-3.80422977, 40.44209582
-3.69452192, 40.43787885
-3.80421845, 40.44188275
-3.713795, 40.41211631
-3.71376424, 40.41213016
-3.8177937, 40.43775125
120.352, 17.5583
-3.70709095, 40.4143284
-3.70709095, 40.4143284
-3.6945451, 40.43908272
25.72106734, 35.14702039
-3.80454499, 40.44180654
-3.6945451, 40.43908272
-3.68804987, 40.45300042
-3.69991702, 40.42685218
-3.80429821, 40.44198202
-3.80437401, 40.44194113
-3.69991613, 40.42685268
-3.69991613, 40.42685268
-3.69991613, 40.42685268
-3.69991613, 40.42685268
-3.87141939, 40.4554073
-3.69991613, 40.42685268
-3.72100068, 40.47148273
-3.8177937, 40.43775125
-3.80436891, 40.44197084
-3.70738006, 40.4233089
-3.71375551, 40.41205033
-3.69991637, 40.42685234
-75.55520274, 10.40434943
-3.8177937, 40.43775125
-3.69991584, 40.42685088
-3.80436373, 40.44191004
-3.80449515, 40.44183597
-3.80434959, 40.44188504
-3.69991584, 40.42685088
-3.69926, 40.42417
-76.60912634, 2.44382871
-76.60912634, 2.44382871
-76.61316, 2.43823
-75.54947068, 10.42258286
-75.54780421, 10.42591828
-75.54958731, 10.42491849
-75.77115766, 10.1772229
-75.77115766, 10.1772229
-75.77115766, 10.1772229
-75.77115766, 10.1772229
-75.5456468, 10.42335805
-75.55258755, 10.40771839
-75.55085091, 10.42189753
-75.55085091, 10.42189753
-74.05435759, 4.66648103
-74.05350028, 4.66955604
-74.0833, 4.6
