lon, lat
-3.7037902, 40.4167754
-3.7037902, 40.4167754
-3.6570055, 40.4072203
-3.6570055, 40.4072203
-3.7037902, 40.4167754
-3.7037902, 40.4167754
-3.7037902, 40.4167754
-3.7037902, 40.4167754
-3.7037902, 40.4167754
-3.7037902, 40.4167754
-3.6570055, 40.4072203
-3.7037902, 40.4167754
-3.7037902, 40.4167754
-3.6570055, 40.4072203
-3.7037902, 40.4167754
-3.6570055, 40.4072203
-3.6570055, 40.4072203
-3.7037902, 40.4167754
-3.6570055, 40.4072203
-3.6570055, 40.4072203
-3.7037902, 40.4167754
-3.7037902, 40.4167754
-3.7037902, 40.4167754
-3.2212883, 40.3693459
-3.9954969, 40.7102483
-3.7037902, 40.4167754
-3.7657848, 40.8114262
-3.7037902, 40.4167754
-3.9954969, 40.7102483
