lon, lat
-3.67278057, 40.44426596
-3.7137345, 40.4390648
-3.68616241, 40.45827887
-3.66294796, 40.48331158
-3.68333, 40.4
-3.65872267, 40.4784257
-3.66971709, 40.43563871
-3.68333, 40.4
-3.68333, 40.4
-3.65601408, 40.43228466
-3.67530589, 40.43536708
-3.67530589, 40.43536708
-3.67390316, 40.43486172
-3.67390316, 40.43486172
-3.67530589, 40.43536708
-3.67390316, 40.43486172
-3.67416636, 40.43237286
-3.68333, 40.4
-3.70133, 40.41462
-3.66971709, 40.43563871
-3.77237229, 40.38144459
-3.66971709, 40.43563871
-3.67390316, 40.43486172
-3.67530589, 40.43536708
-3.67530589, 40.43536708
-3.67530589, 40.43536708
-3.67530589, 40.43536708
-3.68333, 40.4
-3.63891042, 40.43360644
-3.66971709, 40.43563871
-3.68333, 40.4
-3.66971709, 40.43563871
-3.61635409, 40.46233654
-3.7036371, 40.4167635
-3.68333, 40.4
-3.87414329, 40.49266922
-3.87414329, 40.49266922
-3.87414329, 40.49266922
-3.67530589, 40.43536708
-3.66971709, 40.43563871
-3.7081757, 40.4215393
-3.7137345, 40.4390648
-3.6695171, 40.4150675
-3.68333, 40.4
-3.67530589, 40.43536708
-3.67530589, 40.43536708
-3.66971709, 40.43563871
-3.61441868, 40.42303403
-3.68333, 40.4
-3.68333, 40.4
-3.66294796, 40.48331158
-3.69027778, 40.425
-3.66971709, 40.43563871
-3.68333, 40.4
-3.81667, 40.4333
-3.81667, 40.4333
-3.81667, 40.4333
-3.68333, 40.4
-3.66294796, 40.48331158
-3.68333, 40.4
-3.66971709, 40.43563871
-3.6861929, 40.43637048
-3.6913848, 40.4370117
-3.6913848, 40.4370117
-3.66971709, 40.43563871
-3.66971709, 40.43563871
-3.66971709, 40.43563871
-1.13207841, 37.98916433
-3.66971709, 40.43563871
2.16994041, 41.38684519
2.17631403, 41.39622815
2.17631403, 41.39622815
2.18333, 41.3833
2.18333, 41.3833
2.16800922, 41.39006155
2.17, 41.38666667
2.17292162, 41.3849665
2.17, 41.38666667
2.17, 41.38666667
-3.69148956, 40.43764259
-3.70584886, 40.42013228
-3.6749699, 40.4312782
-3.67483, 40.4329414
-3.69290258, 40.4189147
-3.688889, 40.423333
-16.25, 28.4667
-16.31617506, 28.48617925
-3.70583547, 40.42003285
-4.69866633, 40.65637252
-3.67583333, 40.40472222
-5.845, 43.36
-3.67530589, 40.43536708
-3.66979623, 40.43570998
-3.66979623, 40.43570998
-3.67530589, 40.43536708
-3.70393501, 40.4204139
55.3732605, 25.2625008
-3.66979623, 40.43570998
-3.66979623, 40.43570998
-3.7049799, 40.4150314
-3.67530589, 40.43536708
-3.67312778, 40.43616944
-1.84800906, 38.9949248
-1.87008438, 38.99704272
-1.64297603, 42.81472761
-3.67823, 40.4233894
-3.64391903, 40.52061084
-3.63333, 40.5333
-3.66894, 40.423
-3.66979623, 40.43570998
-3.66894, 40.423
-3.70678, 40.4229584
-3.66979623, 40.43570998
-3.66979623, 40.43570998
-3.66979623, 40.43570998
-3.66979623, 40.43570998
-3.66979623, 40.43570998
-3.66979623, 40.43570998
-3.66979623, 40.43570998
-3.68333, 40.4
-3.67710957, 40.43531482
-3.66979623, 40.43570998
-3.66979623, 40.43570998
-3.66894, 40.423
-0.51441189, 38.2382133
-0.69431395, 38.26778189
-0.69811541, 38.26631176
-0.5431665, 38.1899945
-0.52482352, 38.2317867
-0.52482352, 38.2317867
-0.52482352, 38.2317867
-0.51943885, 38.27124617
-0.51943885, 38.27124617
2.20648477, 41.3941654
2.20648477, 41.3941654
2.21259585, 41.40004932
2.17401762, 41.38068642
2.20648477, 41.3941654
2.17290847, 41.3849915
2.14940263, 41.37616882
2.21189942, 41.3983077
2.15280479, 41.37804188
2.19255786, 41.37980762
2.13126654, 41.37951436
-3.67388506, 40.43488691
-0.88295979, 41.65030811
-3.67530589, 40.43536708
-3.67921306, 40.43193348
-3.67530589, 40.43536708
-3.67388506, 40.43488691
-6.97708728, 38.87928072
-3.67387036, 40.43511958
-2.9062225, 43.30512825
-3.67665399, 40.43017068
-3.67544347, 40.43534556
-3.67544347, 40.43534556
1.5678697, 38.99513145
1.56216233, 38.9935303
1.5678697, 38.99513145
1.43333, 38.9
1.42892761, 38.90429816
1.40927336, 38.89200978
1.40927336, 38.89200978
1.40927336, 38.89200978
1.40927336, 38.89200978
1.40927336, 38.89200978
1.24059929, 38.9672775
1.40927336, 38.89200978
1.40927336, 38.89200978
1.40927336, 38.89200978
1.43244729, 38.90996698
1.40927336, 38.89200978
1.43391, 38.9080811
1.43391, 38.9080811
1.23571011, 38.94085745
-3.67871296, 40.42547233
-3.67921306, 40.43193348
-3.70393501, 40.4204139
-3.66932885, 40.43012158
