lon, lat
-3.6750462, 40.4066643
-3.6750456, 40.4066548
-3.6750404, 40.4066758
-3.6750521, 40.4066795
-3.6750155, 40.4066381
-3.6750444, 40.4066701
-3.6750297, 40.4066492
-3.6750337, 40.4066412
-3.6750531, 40.4066812
-3.6750403, 40.4066451
-3.6750423, 40.4066759
-3.675028, 40.4066573
-3.6750421, 40.4066662
-3.6750446, 40.4066427
-3.6750358, 40.4066626
-3.6750151, 40.4066248
-3.6750787, 40.4067272
-3.6750722, 40.406681
-3.6750435, 40.4066647
-3.6750703, 40.40673
-3.6750536, 40.4067151
-3.6750787, 40.4067376
