lon, lat
-3.6767437, 40.4059262
-3.6767437, 40.4059262
-3.6767437, 40.4059262
-3.6973721, 40.5417972
-3.6765928, 40.4067987
-3.6765497, 40.4067883
-3.6765975, 40.4068335
-3.6764975, 40.4067723
-3.6767437, 40.4056081
-3.6765652, 40.4067986
-3.6767437, 40.4056081
-3.6767437, 40.4059262
-3.6767437, 40.4059262
-3.6767437, 40.4059262
-3.6767437, 40.4059262
-3.7236764, 40.4104721
-3.6998875, 40.5469017
-3.6767437, 40.4059262
-3.6767437, 40.4059262
-3.6770607, 40.4059162
-3.6821324, 40.414662
-3.6919603, 40.5309673
-3.6840344, 40.5197905
-3.6830834, 40.504896
-3.7027416, 40.545541
-3.6770607, 40.4831697
-3.6770607, 40.4059162
-3.6875957, 40.4902282
-3.6769871, 40.4059017
-3.6769871, 40.4059017
-3.6769871, 40.4059017
-3.6769871, 40.4059017
-4.1127806, 40.9525997
-4.111989, 40.9527025
-3.6767877, 40.4067836
-3.702828, 40.547077
-3.6765444, 40.4068071
-3.676544, 40.4067906
-3.6769828, 40.4059011
-3.6769828, 40.4059011
-3.6769828, 40.4059011
-3.6769828, 40.4059011
-3.6769828, 40.4059011
-3.678996, 40.470255
-3.6769693, 40.4059261
-1.8703328, 38.9905665
-1.8658623, 38.9934769
-3.7026147, 40.5456545
-3.6855734, 40.4819679
-3.6764459, 40.4067791
-3.6769792, 40.405895
-3.6764726, 40.4067703
-3.6839655, 40.4062591
-3.6899101, 40.405788
-3.6899101, 40.405788
-3.7162735, 40.4096183
-3.7162735, 40.4096183
-3.7165193, 40.4096702
-3.7165193, 40.4096702
-3.7165193, 40.4096702
-3.6769604, 40.4059058
