lon, lat
-3.7812702, 40.4466552
-3.7812526, 40.4466779
-3.7812552, 40.446675
-3.7812601, 40.4466629
-3.6821469, 40.4227064
-3.6816386, 40.4237595
-3.6819065, 40.4236784
-3.6819065, 40.4236784
-3.6816649, 40.4237431
-3.6816145, 40.4237653
-3.6817152, 40.4237309
-3.6816364, 40.4237758
-3.7812992, 40.4465757
-3.7813305, 40.4466953
-3.7812673, 40.4466718
-3.7812566, 40.446662
-3.78125, 40.4466749
-3.7812766, 40.4466531
-3.7812669, 40.4466634
-3.7812865, 40.4466628
-3.7812542, 40.4466499
-3.7812639, 40.4466903
-3.7812764, 40.4466555
-3.7812798, 40.446641
-3.7812605, 40.4466962
-3.7813204, 40.4466292
-3.7434413, 40.4355299
-3.7196499, 40.4223768
-3.7196499, 40.4223768
-3.7201748, 40.420891
-3.7144767, 40.4142662
-3.7091373, 40.4179534
-3.6919603, 40.4200745
-3.6919603, 40.4200745
-3.6816225, 40.423757
-3.6815918, 40.4237727
-3.7003906, 40.4153657
-3.7793303, 40.4490944
-3.7812705, 40.446707
-3.7813003, 40.4466825
-3.7812542, 40.4466901
-3.781373, 40.4467961
-3.781287, 40.4467233
-3.7813316, 40.4466651
-3.7812983, 40.4466697
-3.781363, 40.4466635
-3.7813139, 40.4466804
-3.7813302, 40.4466967
-3.7812759, 40.4467162
-3.7812763, 40.446672
-3.7812814, 40.4467075
-3.7813005, 40.4466801
-3.7813322, 40.4466604
-3.781344, 40.4466794
-3.7812809, 40.4466853
-3.7813307, 40.4466635
-3.7813957, 40.4466923
-3.7812871, 40.4466921
-3.7813563, 40.4466582
-3.7813213, 40.446682
-3.7193521, 40.4222328
-3.7847705, 40.4486097
-3.7817359, 40.4464972
-3.7817774, 40.4464367
-3.7817634, 40.446452
-3.7817945, 40.4464385
-3.7817884, 40.4464303
-3.812857, 40.3448964
-3.8130363, 40.3447515
-3.767848, 40.3295451
-3.7667954, 40.3295099
-3.7668336, 40.3295
-3.7668959, 40.329571
-3.7650145, 40.3281268
-3.7817372, 40.4464543
-3.7817374, 40.446473
-3.7817593, 40.4464892
-3.7817884, 40.4464305
-3.7816758, 40.4465041
-3.7816973, 40.446469
-3.7816887, 40.4464716
-3.7817908, 40.446492
-3.7816532, 40.4464905
-3.7817044, 40.4464963
-3.7816619, 40.4465002
-3.7816679, 40.4465153
-3.7817781, 40.4464368
-3.7817869, 40.4464318
-3.7817899, 40.4464308
-3.7817188, 40.446458
-3.7817899, 40.4464306
-3.7817899, 40.4464307
-3.7817752, 40.4464339
-3.7193281, 40.4220329
-3.7191374, 40.4221034
-3.7189867, 40.4214243
-3.7202287, 40.4211872
-3.7202236, 40.4211816
-3.7079226, 40.4259144
-3.6869436, 40.4205106
-3.6869436, 40.4205103
-3.6931784, 40.4196352
-3.7033246, 40.4150368
-3.7151186, 40.4190191
-3.7252627, 40.4263235
-3.7848703, 40.4477883
-3.7817752, 40.4464356
-3.7816935, 40.4464641
-3.7815967, 40.4465344
-3.7816619, 40.446507
-3.78179, 40.4464306
-3.781776, 40.4464364
-3.781779, 40.4464362
-3.7817778, 40.4464361
-3.7817135, 40.4464741
-3.7817898, 40.4464306
-3.7817018, 40.4464923
-3.7817415, 40.4464552
-3.7817219, 40.4464564
-3.7816358, 40.4464835
-3.7817872, 40.4464303
-3.7817336, 40.4464712
-3.7198496, 40.4215283
-3.7196117, 40.4215956
-3.7197611, 40.4215609
-3.7195865, 40.4215422
-3.6707913, 40.4275507
-3.7851912, 40.4485266
-3.7851912, 40.4485266
-3.7817878, 40.4464321
-3.7817225, 40.4464682
-3.7817899, 40.4464308
-3.7818055, 40.4464366
-3.7817875, 40.4464311
-3.781672, 40.4464755
-3.7817213, 40.4464564
-3.7196389, 40.4221567
-3.7198694, 40.4207724
-3.7193853, 40.422169
-3.7198694, 40.4207724
-3.7203255, 40.4206186
-3.785207, 40.4481217
-3.7817397, 40.446455
-3.7817446, 40.4464522
-3.781789, 40.4464307
-3.7817437, 40.4464864
-3.7817357, 40.4464918
-3.7817518, 40.4464684
-3.7817741, 40.4465093
-3.7817691, 40.446438
-3.7817733, 40.4464436
-3.7817258, 40.4465058
-3.7817381, 40.4464741
-3.7817175, 40.4464595
-3.7817073, 40.4464851
-3.7817698, 40.4464441
-3.7817877, 40.4464305
-3.7817697, 40.4464386
-3.7817891, 40.4464308
-3.7817896, 40.4464306
-3.7817138, 40.4464632
-3.7817487, 40.4464536
-3.7817231, 40.446459
-3.7817436, 40.4464523
-3.7817253, 40.4464707
-3.7817261, 40.4464784
-3.7817049, 40.4464783
-3.7817088, 40.4464789
-3.7817377, 40.4464701
-3.7817896, 40.4464306
-3.7817793, 40.4464402
-3.7817138, 40.4464706
-3.7817488, 40.4464536
-3.7817758, 40.4464365
-3.7817879, 40.4464306
-3.7817757, 40.4464372
-3.7817642, 40.4464424
-3.7817686, 40.4464404
-3.7817898, 40.4464306
-3.7817887, 40.4464314
-3.7817809, 40.4464347
-3.7202816, 40.4212222
-3.6710387, 40.4226472
-3.6810217, 40.422663
-3.6833759, 40.4252274
-3.6833515, 40.425227
-3.6814855, 40.4223166
-3.7024244, 40.4178324
-3.7203651, 40.4206969
-3.7312911, 40.4308994
-3.7816621, 40.4465046
-3.7817575, 40.4464885
