lon, lat
30.4927773, 50.3893786
30.4927705, 50.3893916
30.492761, 50.3893745
30.4928018, 50.3893708
-3.5989193, 40.3993481
-3.5989733, 40.3993476
-3.5989113, 40.3993565
-3.5989303, 40.3993368
-3.5989453, 40.3993439
-3.5989389, 40.3993167
-3.5989492, 40.3993295
-3.598964, 40.3993351
-3.5989574, 40.3993186
-3.5989533, 40.3993133
-3.598945, 40.3993429
-3.5989441, 40.3993378
-3.5989558, 40.399319
-3.6007873, 40.3988607
-3.5674848, 40.4537879
-3.5674551, 40.4538189
-3.5674607, 40.4538054
-3.5674564, 40.4538111
-3.5674733, 40.4538252
-3.5989746, 40.3992893
-3.5989594, 40.3993236
-3.5989681, 40.3992981
-3.6011209, 40.3975365
-3.6011209, 40.3975365
-3.5989283, 40.3993442
-3.6008672, 40.3978058
-3.6011209, 40.3975365
-3.5989448, 40.3993503
-3.5989369, 40.3993373
-3.598927, 40.399365
-3.5989269, 40.3993593
-3.5989475, 40.3993473
-3.5989523, 40.3993464
-3.598942, 40.3993599
-3.5989298, 40.3993017
-3.5989096, 40.399339
-3.5989112, 40.3993315
-3.5989233, 40.3993148
-3.5989316, 40.3992872
-3.5989016, 40.3993367
-3.5989275, 40.3993106
-3.5989377, 40.3993568
-3.5989309, 40.3992878
-3.5989238, 40.3993057
-3.5989313, 40.3992844
-3.5989414, 40.3992718
-3.5989179, 40.399335
-3.5989219, 40.3993272
-3.5989124, 40.3993304
-3.5989255, 40.3993296
-3.5989378, 40.3992792
-3.5989409, 40.3992859
-3.5989162, 40.3993075
-3.5989357, 40.3993041
-3.5989304, 40.399321
-3.5989334, 40.3993081
-3.5989193, 40.3993309
-3.5989271, 40.3993301
-3.5989253, 40.3993279
-3.5989216, 40.3993082
-3.5989334, 40.3993347
-3.5989312, 40.3993122
-3.5989365, 40.3992984
-3.5989263, 40.3993238
-3.5989165, 40.3993066
-3.5989372, 40.3993287
-3.5989281, 40.3993025
-3.5989182, 40.3993222
-3.5989472, 40.3993251
-3.5989251, 40.3993019
-3.5989507, 40.3993263
-3.5989638, 40.3993443
-3.5989358, 40.3993279
-3.5989181, 40.3993413
-3.598923, 40.3993052
-3.5989023, 40.3993403
-3.598944, 40.3992926
-3.5989082, 40.3993244
-3.5989351, 40.3993392
-3.5988976, 40.3993381
-3.5989001, 40.3993442
-3.5989244, 40.3993285
-3.5989306, 40.39932
-3.5989231, 40.3993324
-3.5989087, 40.3993656
-3.5853891, 40.4455158
-3.5989112, 40.3993303
-3.5989086, 40.3993467
-3.5989032, 40.3993364
-3.580444, 40.4555127
-3.5713441, 40.4539112
-3.5676218, 40.4503307
-3.5682287, 40.4504333
-3.5682674, 40.4504037
-3.56819, 40.4504629
-3.59879, 40.3994502
-3.5973541, 40.401212
-3.5988876, 40.3994374
-3.56743, 40.4538017
-3.5671428, 40.4537144
-3.5679059, 40.4503968
-3.567183, 40.4537119
-3.5989069, 40.3994129
-3.5989004, 40.3994187
-3.5988524, 40.3994136
-3.7652348, 40.449695
-3.6044421, 40.4656355
-3.6006275, 40.3981129
-3.5988755, 40.39941
-3.5989145, 40.3993972
-3.5988913, 40.3994285
-3.5989044, 40.3994148
-3.5989188, 40.3994042
-3.598886, 40.3994075
-3.5989038, 40.3994155
-3.5988947, 40.3994223
-3.5988762, 40.3994282
-3.5989607, 40.3994206
-3.5989505, 40.3994152
-3.5988981, 40.3993172
-3.598894, 40.399294
-3.5989207, 40.3993686
-3.5989212, 40.3993457
-3.5989373, 40.3993434
-3.5988817, 40.3993116
-3.5989393, 40.3993753
-3.5988686, 40.399403
-3.5989079, 40.3992601
-3.6037922, 40.3965221
-3.5671975, 40.4537409
-3.5989913, 40.399247
-3.5989757, 40.3993738
-3.5989871, 40.3993437
-3.5989999, 40.3993543
-3.5989773, 40.3994171
-3.5989579, 40.3993818
-3.5989682, 40.3994114
-3.5989569, 40.3993926
-3.5989403, 40.3994074
-3.5989666, 40.399409
-3.598961, 40.3993897
-3.5989671, 40.3993976
-3.6006726, 40.3981085
-3.5989576, 40.3994042
-3.5989642, 40.3993806
-3.5989758, 40.3994079
-3.5882366, 40.445976
-3.5884357, 40.446017
-3.5884354, 40.4460172
-3.5989884, 40.3993666
-3.5672018, 40.4536944
-3.5990015, 40.3991279
-3.5990971, 40.3993755
-3.5990287, 40.3991961
-3.5730844, 40.4556542
-3.5672304, 40.4536808
-3.5749849, 40.457431
-3.5990115, 40.3993065
-3.5989324, 40.3992081
-3.5989933, 40.3992664
-3.5989681, 40.3990336
-3.5989873, 40.3991343
-3.5977612, 40.4024599
-3.5977345, 40.402478
-3.5990024, 40.3993279
-3.5989814, 40.399277
-3.5990483, 40.3994038
-3.6219775, 40.4180911
-3.6085661, 40.4044322
-3.6154194, 40.4052274
-3.5674781, 40.454091
-3.567292, 40.4537389
-3.5992193, 40.3994338
-3.599129, 40.3993516
-3.5991142, 40.3994979
-3.5672702, 40.4537321
-3.5674185, 40.45381
-3.5671977, 40.453707
-3.5674606, 40.4537458
-3.5671825, 40.453699
-3.5673064, 40.4537192
-3.5671543, 40.4536676
-3.5991406, 40.3994116
-3.599117, 40.3993123
-3.5990808, 40.3992558
-3.5989236, 40.3992702
-3.5989206, 40.3992344
-3.5672117, 40.4536842
-3.5989026, 40.3992599
-3.5989834, 40.3993632
-3.5989334, 40.3993151
-3.5989764, 40.3993388
-3.5989346, 40.3993407
-3.5990682, 40.3994043
-3.7127779, 40.4109509
-3.7127779, 40.4109509
-3.7127779, 40.4109509
-3.5989347, 40.3992593
-3.5989744, 40.399444
-3.5989414, 40.3993692
-3.5990212, 40.3994581
-3.5989973, 40.3993393
-3.5990077, 40.3993129
-3.598958, 40.3993638
12.4565717, 41.8993746
12.4565436, 41.8993607
12.4565702, 41.899352
-3.5989617, 40.3993607
-3.5989657, 40.3994223
-3.5989539, 40.3994264
-3.5989434, 40.399422
-3.6949638, 40.6001523
-3.5673101, 40.4538101
-4.3416524, 40.3535761
-3.6086042, 40.4053283
-3.6088428, 40.4043221
-3.5988511, 40.3992774
15.0731864, 38.6308159
-3.5990608, 40.3994314
-3.5891994, 40.3980552
-3.5989321, 40.3993865
-3.3750595, 40.4960846
-3.5990664, 40.3994377
-3.5990518, 40.3992991
-3.5989534, 40.3993876
-3.598922, 40.3993132
-3.5989731, 40.3994688
-3.5989286, 40.3993658
-3.5989294, 40.3993281
-3.5988925, 40.3993938
-3.5988924, 40.3994049
-3.5989254, 40.3993251
-3.5988798, 40.3993185
-3.5989337, 40.3994028
-3.5989497, 40.3993478
-3.5989656, 40.3993811
-3.5673293, 40.4537773
-3.612475, 40.4353849
-3.567424, 40.4539455
-3.5989384, 40.3994896
-3.5989817, 40.3994907
-3.5989549, 40.3994338
-3.5989811, 40.3994881
-3.5989814, 40.3994875
-3.5989528, 40.3994474
-3.6003181, 40.3999204
-3.5989973, 40.3994779
-3.5990001, 40.399479
-3.5989048, 40.3994836
-3.5989482, 40.3994913
-3.5989054, 40.399469
-3.5989843, 40.3994845
-3.5989648, 40.3994829
-3.5990052, 40.3994888
-3.5673437, 40.4538022
-3.5989239, 40.3994742
-3.5989662, 40.3994999
-3.5989521, 40.3994816
-3.5989849, 40.3994943
-3.5989709, 40.3994804
-3.5989651, 40.3994712
-3.5990052, 40.3994902
-3.5989323, 40.3994889
-3.5673229, 40.4537925
-3.5673292, 40.4537892
-3.5989602, 40.3995005
-3.5989619, 40.3995
-3.5989785, 40.3994975
-3.5989473, 40.3994928
-3.5989764, 40.3995121
-3.5989637, 40.3995
-3.5989515, 40.3994776
-3.5989626, 40.3994961
-3.5990329, 40.3994904
-3.5989349, 40.3994825
-3.621114, 40.4184453
-3.5989513, 40.3995002
-3.5989636, 40.3994974
-3.598948, 40.399476
-3.5672953, 40.453915
-3.5673146, 40.4538904
-3.5673176, 40.4539057
-3.5990362, 40.3994882
-3.5989456, 40.3994989
-3.5989792, 40.3995094
-3.598943, 40.399494
-3.5989878, 40.3995092
-3.598965, 40.3995045
-3.5989406, 40.3994953
-3.5989896, 40.3994744
-3.5989781, 40.3994918
-3.5990095, 40.3995148
-3.5989475, 40.3995102
-3.5989741, 40.3995003
-3.5989601, 40.3995105
-3.5989235, 40.3995173
-3.5989323, 40.3995109
-3.5989312, 40.3995109
-3.5989899, 40.3995115
-3.5989671, 40.3995024
-3.5990359, 40.3995102
-3.5988991, 40.399477
-3.5989653, 40.3995071
-3.5989604, 40.3995004
-3.5989396, 40.39949
-3.5989495, 40.3995018
-3.5988838, 40.3994531
-3.5989319, 40.3994951
-3.5989768, 40.3994995
-3.5673127, 40.4538258
-3.5671714, 40.4537172
-3.5672806, 40.4538297
-3.5673433, 40.4537673
-3.5775308, 40.4604859
-3.5990015, 40.3995108
-3.5673015, 40.4537642
-3.5673647, 40.4537342
-3.6211033, 40.3995573
-3.6211033, 40.3995573
-3.5990797, 40.3994886
-3.5989845, 40.399499
-3.599059, 40.3995002
-3.5989938, 40.3994935
-3.5989812, 40.3994848
-3.5989931, 40.3994772
-3.5989933, 40.3994979
-3.5990039, 40.3994963
-3.5989616, 40.3994797
-3.5989974, 40.3995039
-3.5989688, 40.3994981
-3.5989908, 40.3994679
-3.5989972, 40.3994549
-3.598987, 40.3995071
-3.5989814, 40.3994855
-3.5989437, 40.3994777
-3.598949, 40.3994899
-3.5989596, 40.3994685
-3.5989874, 40.3995123
-3.5989587, 40.399488
-3.598986, 40.399503
-3.5673251, 40.4537441
-3.5989429, 40.3994754
-3.6023818, 40.3974349
-3.6023818, 40.3974349
-3.6028735, 40.3972245
-3.6028735, 40.3972245
-3.5598328, 40.3604356
-3.608648, 40.405323
-3.5988784, 40.3994896
-3.5988961, 40.3994823
-3.5988847, 40.3994825
-3.5988685, 40.3994582
-3.5989039, 40.3995044
-3.5988836, 40.3994285
-3.5988859, 40.3994549
-3.5988654, 40.3994888
-3.5989135, 40.3994735
-3.5988777, 40.3994422
-3.5988968, 40.3994698
-3.598914, 40.3994785
-3.5988851, 40.3994479
-3.5988738, 40.3994515
-3.5838663, 40.3984362
-3.5988814, 40.3994808
-3.5989386, 40.3994294
-3.5989038, 40.3994111
-3.5988912, 40.3994653
-3.7077, 40.4411563
-3.7116928, 40.4398299
-3.5989068, 40.3994221
-3.5988552, 40.3994567
-3.5988821, 40.39952
-3.5988489, 40.3994732
-3.5988687, 40.3995175
-3.5988776, 40.3994306
-3.7843494, 40.4627858
-3.7843376, 40.4627712
-3.7843494, 40.4627858
-3.7843494, 40.4627858
-3.7843494, 40.4627858
-3.7843494, 40.4627858
-3.7843494, 40.4627858
-3.6211418, 40.4188458
-3.5989147, 40.3994868
-3.5989322, 40.3994796
-3.5672077, 40.4537429
-3.5989257, 40.3994791
-3.5672284, 40.453742
-3.5672284, 40.453742
-3.5672284, 40.453742
-3.5672284, 40.453742
-3.5672284, 40.453742
-3.5672284, 40.453742
-3.5672284, 40.453742
-3.5672284, 40.453742
-3.6919643, 40.4231605
-3.5672859, 40.453769
-3.5990458, 40.3994948
-3.6627106, 40.3777877
-3.6093321, 40.385666
-3.5989793, 40.3994575
-3.5989689, 40.3994792
-3.5672756, 40.4538608
-3.6236831, 40.4171147
-3.7170596, 40.3912989
-3.7170596, 40.3912989
-3.7170596, 40.3912989
-3.5672818, 40.4537817
-3.598973, 40.3995351
-3.5989737, 40.3995383
-3.567229, 40.4536822
-3.5672076, 40.4537144
-3.598947, 40.3995559
-3.5989607, 40.399527
-3.5989344, 40.3994911
-3.5989565, 40.3995126
-3.5989347, 40.3995209
-3.5989307, 40.3995399
-3.5989332, 40.3995186
-3.5989639, 40.3995259
-3.5989425, 40.3995305
-3.5989311, 40.3995205
