lon, lat
-3.70593338, 40.39780672
-3.70579244, 40.39776806
-3.70591524, 40.39782594
-3.70588853, 40.39778932
-3.70604459, 40.39774516
-3.70594464, 40.39791194
-3.70604984, 40.39780425
-3.70597357, 40.39790045
-3.70601629, 40.39780483
-3.70601402, 40.39787678
-3.70602782, 40.39787262
-3.70600887, 40.39778875
-3.7060278, 40.39785958
-3.70606266, 40.39782222
-3.70611047, 40.39810641
-3.70610483, 40.39778485
-3.70613242, 40.39788381
-3.70604674, 40.39787609
-3.70616393, 40.39790328
-3.70594735, 40.39795153
-3.70595369, 40.3978717
-3.70602376, 40.39785437
-3.70591273, 40.39793994
-3.70601084, 40.39772476
-3.70604958, 40.39795004
-3.70591061, 40.39790805
-3.7294454, 40.44563117
-3.70599735, 40.39787342
-3.70591309, 40.39788556
-3.70612448, 40.39784176
-3.70605057, 40.39790031
-3.7287308, 40.44549708
-3.70594116, 40.39791573
-3.70593747, 40.39788684
-3.70590082, 40.39789467
-3.70595191, 40.3979166
-3.70597044, 40.39781555
-3.70599984, 40.39787965
-3.70594144, 40.3979135
-3.7059781, 40.39791224
-3.70599007, 40.39785888
-3.70595817, 40.39790816
-3.72975243, 40.44547361
-3.70561815, 40.39807578
-3.70602625, 40.39790887
-3.70596196, 40.39790276
-3.70597436, 40.3979189
-3.70595622, 40.39790905
-3.70595814, 40.39792629
-3.70598217, 40.39791649
-3.70596374, 40.39790865
-3.70597114, 40.3979774
-3.72890019, 40.44558717
-3.70588902, 40.39790443
-3.70592768, 40.39789338
-3.70596835, 40.3978826
-3.70597923, 40.39790677
-3.70602881, 40.39782623
-0.38308203, 39.46501011
-3.70593849, 40.39765505
