lon, lat
151.22841, -33.87143
151.21003527, -33.8607219
151.2342834, -33.8987503
114.99140001, -33.99036387
115.03283293, -33.54351316
115.01888889, -33.54027778
115.75167845, -31.99493437
114.13482155, -27.88551106
115.84436494, -31.95749033
114.16534375, -27.71135764
115.7548904, -31.9793091
115.67930834, -32.19196455
115.67930834, -32.19196455
115.83512581, -32.01326634
115.8238754, -31.9459362
153.09031608, -26.38662283
153.43014392, -28.00175295
151.21956546, -33.86905223
151.21082459, -33.86192354
151.23729776, -33.89464438
115.859, -31.9522
-3.714167, 40.418333
-3.68333, 40.4
-3.68333, 40.4
-2.24467073, 53.48105388
-2.24801717, 53.47812286
-2.24801717, 53.47812286
-2.24801717, 53.47812286
-2.24801717, 53.47812286
-0.078, 51.526
-0.12961888, 51.51643416
-0.12961888, 51.51643416
19.05659382, 47.48303498
19.03391876, 47.50145845
19.03936225, 47.49668974
19.0461063, 47.5087738
19.05783516, 47.50134554
14.42543611, 50.081325
14.42543611, 50.081325
14.41040741, 50.08799455
14.42856701, 50.08546091
14.41185556, 50.08644722
14.42618793, 50.08106691
14.42618793, 50.08106691
14.4006, 50.0909
2.3508, 48.8567
14.4167, 50.0833
115.97340026, -31.9410079
115.8238754, -31.9459362
115.7548904, -31.9793091
115.86304201, -31.979617
115.859, -31.9522
115.86406425, -31.95777878
115.06404619, -33.57711095
25.32842505, 37.44649671
115.8190231, -31.9132595
115.83025779, -31.94440539
151.17038461, -33.93611928
151.22006492, -33.88236291
151.212677, -33.8968201
153.09113569, -26.38681445
145.00343768, -37.83792039
145.45734937, -37.68748308
145.46905978, -37.65995961
144.96536232, -37.81977915
115.75192184, -31.99428543
115.80215491, -34.58805475
115.83685219, -32.02360436
115.85226145, -31.94859003
115.08902797, -33.95283641
115.78192836, -32.67865731
115.82381321, -31.94617994
103.99063, 1.36453667
103.856, 1.29306
103.84831236, 1.34211266
103.84529298, 1.34084348
103.8417084, 1.3101674
103.84477167, 1.34263333
116.07864975, 5.99011569
116.00591198, 5.97515416
116.00591198, 5.97515416
116.07721477, 5.98411457
116.07530916, 5.98488507
114.94371082, 4.90033373
114.93913611, 4.88957778
115.859, -31.9522
115.86816667, -31.94933333
11.78467215, 48.35410123
11.576944, 48.136667
9.2334228, 48.78843926
9.493828, 48.63663
9.15166667, 48.83527778
9.41821322, 48.64791277
9.95732158, 53.55084908
10.43731638, 52.23104056
13.40111111, 52.51916667
13.45366103, 52.49699014
13.335, 52.505
13.44472222, 52.50305556
13.45366103, 52.49699014
13.45366103, 52.49699014
13.45366103, 52.49699014
10.13166667, 53.49777778
10.0, 53.54334444
9.9581321, 53.55106045
9.9581321, 53.55106045
9.9575, 53.55055556
9.9581321, 53.55106045
9.96227778, 53.54944444
10.00105706, 53.55247881
10.00105706, 53.55247881
12.0167, 55.5333
12.58787727, 55.68080767
12.53045801, 55.66601267
4.34918691, 50.84732966
4.34918691, 50.84732966
4.34998, 50.84499
4.3525, 50.8467
4.34918691, 50.84732966
4.35288405, 50.84675538
4.34918691, 50.84732966
4.34918691, 50.84732966
4.89994052, 52.37882514
4.88424057, 52.36221555
4.89059954, 52.36636938
4.89255574, 52.3649809
115.97441878, -31.94106809
114.99567476, -33.67008399
115.75357172, -32.03529538
115.80398406, -31.90778604
115.8952987, -31.96102545
115.922, -32.874
115.86798027, -31.9492188
115.94272895, -32.08887363
115.14991351, -8.67944878
115.14991346, -8.67944861
115.22026046, -8.82230906
115.22026046, -8.82230906
115.08890103, -8.81504853
115.08890103, -8.81504853
115.85547, -31.94733
115.75234653, -31.99463154
115.74957085, -32.02871587
115.86530055, -31.95997889
115.86798027, -31.9492188
115.75424224, -31.94553316
115.75901373, -31.94606557
115.86068033, -31.95007243
151.2583442, -33.91899176
151.21644837, -33.88045382
115.8585495, -31.94887723
115.75424224, -31.94553316
115.75901373, -31.94606557
115.82393695, -31.94593777
115.86798027, -31.9492188
115.36668076, -33.6635468
115.27980275, -33.65832298
115.85824888, -31.93032277
115.85939341, -31.94693443
115.85939341, -31.94693443
114.12903763, -27.76949941
114.16925072, -27.70149209
115.86648039, -31.97513584
115.89303746, -31.92966551
115.82400493, -31.94594766
115.86932677, -31.96175069
115.86932677, -31.96175069
115.8237732, -31.94696765
151.2821536, -33.89068559
151.21507094, -33.87575541
115.88461077, -32.09131598
115.88461077, -32.09131598
115.6652008, -32.12053366
115.68974853, -32.21790007
115.00001301, -34.03780763
115.0657782, -34.01304287
115.04534671, -33.97065297
115.03786417, -33.81875592
115.075, -33.955
115.85582508, -31.95463699
115.715507, -32.52171018
151.2414977, -33.87738371
115.85511469, -31.95487139
115.03335768, -33.54620943
115.0657782, -34.01304287
115.8196101, -31.91359704
115.85207738, -31.94825027
144.97196663, -37.86533253
151.21659335, -33.88322147
151.44402004, -33.44636304
115.96144043, -31.93330438
103.86102403, 1.28495799
103.84170981, 1.28048255
103.84230418, 1.24640373
103.84230418, 1.24640373
115.86816667, -31.94933333
115.03126276, -33.80369953
115.09365161, -33.60673941
115.75743299, -32.71452742
151.27454651, -33.89516346
151.22538764, -33.86959339
115.81207699, -32.04385742
115.87099613, -31.95055707
115.81954373, -31.90406007
115.89531777, -31.96073666
116.20634794, -31.90344658
116.20634794, -31.90344658
116.20634794, -31.90344658
115.1491642, -8.67765446
115.1491642, -8.67765446
115.1491642, -8.67765446
115.1491642, -8.67765446
115.16197443, -8.6723408
115.16450315, -8.68327621
115.1491642, -8.67765446
115.1491642, -8.67765446
151.20759666, -33.8709055
115.823942, -31.945915
115.86816667, -31.94933333
115.86816667, -31.94933333
115.03241301, -33.54359446
115.859496, -31.94697082
115.86816667, -31.94933333
115.86816667, -31.94933333
115.81535236, -31.98871937
115.81535236, -31.98871937
115.8196101, -31.91359704
115.86247839, -31.95327505
115.69576178, -32.22628606
115.04561154, -33.74929667
115.823942, -31.945915
115.86816667, -31.94933333
115.54166755, -31.9957253
115.54166755, -31.9957253
115.823942, -31.945915
115.06404162, -33.57712089
115.0315884, -33.79557875
115.84750617, -31.94826537
115.86158886, -31.94976072
115.86158886, -31.94976072
115.86158886, -31.94976072
115.86145163, -31.94914307
115.86145163, -31.94914307
115.86158886, -31.94976072
115.86816667, -31.94933333
151.20204449, -33.86940002
144.8504846, -37.66858497
144.99169663, -37.84673887
151.21079342, -33.86200726
115.86816667, -31.94933333
115.86816667, -31.94933333
115.86816667, -31.94933333
115.86816667, -31.94933333
115.86816667, -31.94933333
115.87282328, -31.96011189
115.823942, -31.945915
115.86816667, -31.94933333
115.86816667, -31.94933333
115.892579, -31.928335
115.86816667, -31.94933333
115.82411618, -31.94660298
115.823942, -31.945915
115.86816667, -31.94933333
115.14920712, -8.6777393
115.14896807, -8.67772478
115.14920712, -8.6777393
115.14940814, -8.67702411
115.14920712, -8.6777393
115.14920712, -8.6777393
115.14759, -8.676362
115.14989376, -8.67943626
115.14759, -8.676362
115.86816667, -31.94933333
114.15288448, 22.28309033
114.15533333, 22.28183333
114.1663225, 22.2774985
114.15053959, 22.28471029
151.2218018, -33.876643
151.21375885, -33.88690904
115.823942, -31.945915
115.823942, -31.945915
115.86816667, -31.94933333
115.86816667, -31.94933333
115.86816667, -31.94933333
115.86001773, -31.95029777
115.86816667, -31.94933333
115.86816667, -31.94933333
115.823942, -31.945915
115.860673, -31.949781
115.792885, -31.937027
115.86816667, -31.94933333
115.859496, -31.94697082
115.814407, -31.95631
115.86816667, -31.94933333
115.823942, -31.945915
115.86001773, -31.95029777
115.328554, -31.01282
115.15548213, -30.60316813
115.06782377, -30.50126738
115.06714034, -30.49801581
115.32884542, -31.01291288
115.86816667, -31.94933333
115.86816667, -31.94933333
115.860069, -31.950674
115.86816667, -31.94933333
115.859496, -31.94697082
115.86816667, -31.94933333
115.85455916, -31.95386537
115.86816667, -31.94933333
115.10271738, -33.61683444
115.107542, -33.61633
115.823944, -31.945866
115.89188, -31.928632
