lon, lat
-3.6380934, 40.4746848
-3.6380934, 40.4746848
-3.6380934, 40.4746848
-3.637859, 40.4745057
-3.6380934, 40.4746848
-3.6380934, 40.4746848
-3.6380934, 40.4746848
-3.6380934, 40.4746848
-3.6380934, 40.4746848
-3.6380934, 40.4746848
-3.6378303, 40.4745441
-3.6380934, 40.4746848
-3.6380934, 40.4746848
-3.6380934, 40.4746848
-3.6380934, 40.4746848
-3.6378616, 40.4744867
-3.6378616, 40.4744867
-3.6378616, 40.4744867
-3.6380934, 40.4746848
-3.637862, 40.4744774
-3.6380934, 40.4746848
-3.6380934, 40.4746848
-3.6378545, 40.4744847
-3.6380934, 40.4746848
-3.6380934, 40.4746848
-3.6380934, 40.4746848
-3.6378412, 40.4745094
-3.6380934, 40.4746848
-3.6380934, 40.4746848
-3.6378633, 40.4744844
-3.6380934, 40.4746848
-3.6380934, 40.4746848
-3.6380934, 40.4746848
-3.6380934, 40.4746848
-3.6378525, 40.4744932
-3.6380934, 40.4746848
-3.6378483, 40.4744953
-3.6378483, 40.4744953
-3.6378371, 40.4745256
-3.6378199, 40.4745409
-3.6378331, 40.4745239
-3.6380934, 40.4746848
-3.6380934, 40.4746848
-3.6378267, 40.4745322
-3.6378267, 40.4745322
-3.6378293, 40.4745135
-3.6378531, 40.4745175
-3.6378531, 40.4745175
-3.6380934, 40.4746848
-3.6380934, 40.4746848
-3.6378418, 40.4744999
-3.6378456, 40.4744766
-3.6378531, 40.4744842
-3.6378515, 40.4744614
-3.6378661, 40.4744827
-3.6378601, 40.4745116
-3.6378601, 40.4745116
-3.6378557, 40.4744847
-3.6378522, 40.4744863
-3.637877, 40.4745148
-3.6378409, 40.4744887
-3.6378623, 40.4744725
-3.6378532, 40.4745112
-3.6378532, 40.4745112
-3.6378573, 40.4744778
-3.6378573, 40.4744778
-3.6378644, 40.4744916
-3.6378608, 40.4744866
-3.6378701, 40.474492
-3.63784, 40.4744979
-3.6378538, 40.4744894
-3.6378518, 40.4745124
-3.6380967, 40.4746832
-3.6380967, 40.4746832
-3.6380967, 40.4746832
-3.6378181, 40.474627
-3.637832, 40.4745319
-3.6378539, 40.4745251
-3.6378474, 40.4745119
-3.637868, 40.4745172
-3.6380967, 40.4746832
-3.6380967, 40.4746832
-3.6377957, 40.4746166
-3.6378337, 40.4745222
-3.6378331, 40.4745014
-3.6378331, 40.4745014
-3.6378362, 40.4744985
-3.6378702, 40.4744869
-3.6378686, 40.4744656
-3.6378442, 40.4744865
-3.6378804, 40.4744849
-3.6378421, 40.4745018
-3.6378627, 40.4744984
-3.6377957, 40.4746278
-3.6378318, 40.4745862
-3.6380624, 40.4743667
-3.6378513, 40.4745364
-3.6378546, 40.4744809
-3.6378488, 40.4744951
-3.6378546, 40.4745329
-3.6378476, 40.4745069
-3.6378476, 40.4745069
-3.6378613, 40.4745039
-3.6378735, 40.474493
-3.6378836, 40.4744675
-3.6378836, 40.4744675
-3.6378646, 40.474495
-3.6398667, 40.4731964
-3.6404593, 40.4731899
-3.639497, 40.4715784
-3.6528677, 40.405726
-3.6528203, 40.4056319
-3.6378414, 40.4744818
-3.6378207, 40.4744059
-3.6378329, 40.4744965
-3.6378228, 40.4744833
-3.6378398, 40.4744903
-3.6378573, 40.4744721
-3.6378573, 40.4744721
-3.6378682, 40.4744792
-3.6378457, 40.4744702
-3.637824, 40.4745114
-3.6378481, 40.4744845
-3.6378659, 40.4745117
-3.6378555, 40.4744991
-3.6378469, 40.4744695
-3.6378736, 40.4744743
-3.6378534, 40.4745048
-3.6378786, 40.474471
-3.6378786, 40.474471
-3.6378518, 40.474476
-3.6378518, 40.474476
-3.6378511, 40.4744664
-3.6378511, 40.4744664
-3.6378511, 40.4744664
-3.6378367, 40.4744936
-3.6378363, 40.474483
-3.6378363, 40.474483
-3.6378683, 40.4744692
-3.6378339, 40.4744756
-3.6378297, 40.4744811
-3.6378534, 40.4744882
-3.637868, 40.474463
-3.637902, 40.4744386
-3.6378323, 40.4744665
-3.6378339, 40.4745054
-3.6378293, 40.4745352
-3.6378397, 40.4744699
-3.6378418, 40.4744902
-3.6394862, 40.4740678
-3.6371085, 40.4731178
-3.6371085, 40.4731178
-3.6378511, 40.4744975
-3.6378051, 40.4745867
-3.6380937, 40.4746809
-3.6380937, 40.4746809
-3.6380937, 40.4746809
-3.6378474, 40.4745519
-3.6380937, 40.4746809
-3.6380937, 40.4746809
-3.6380937, 40.4746809
-3.6380937, 40.4746809
-3.6380937, 40.4746809
-3.6380937, 40.4746809
-3.6380937, 40.4746809
-3.6380937, 40.4746809
-3.638096, 40.4746789
-3.638096, 40.4746789
-3.6378336, 40.4744754
-3.6378184, 40.4745076
-3.6378184, 40.4745076
-3.6378614, 40.4744741
-3.6378434, 40.4744813
-3.6378434, 40.4744813
-3.6378401, 40.4744884
-3.6378479, 40.4745278
-3.6377817, 40.47467
-3.638096, 40.4746789
-3.6378401, 40.4745082
-3.6378736, 40.4745033
-3.6378736, 40.4745033
-3.6378075, 40.4745906
-3.6378075, 40.4745906
-3.6378347, 40.4745955
-3.6378354, 40.4745959
-3.6377928, 40.4746365
-3.6377928, 40.4746365
-3.6377716, 40.4746457
-3.6378265, 40.4745607
-3.6378265, 40.4745607
-3.6378545, 40.4745035
-3.6378361, 40.4745196
-3.6378502, 40.4745025
-3.6378486, 40.4745016
-3.6378203, 40.4744932
-3.637813, 40.4745475
-3.637813, 40.4745475
-3.6380948, 40.4746803
-3.6377971, 40.474566
-3.6378463, 40.4745529
-3.6378653, 40.4745003
-3.6378586, 40.4744903
-3.6378586, 40.4744903
-3.6378615, 40.4744881
-3.63784, 40.4744802
-3.6378403, 40.4744873
-3.6401132, 40.4750338
-3.6403418, 40.4735979
-3.6378368, 40.474565
-3.6378368, 40.474565
-3.6378664, 40.4745178
-3.6378545, 40.4745224
-3.6378573, 40.4745184
-3.63786, 40.4744837
-3.6378679, 40.4744944
-3.6378654, 40.4744775
-3.6381359, 40.4749936
-3.6381359, 40.4749936
-3.6378423, 40.4745078
-3.6378518, 40.4745064
-3.6378207, 40.4745761
-3.6378281, 40.4745783
-3.6380948, 40.4746803
-3.6378469, 40.4745051
-3.6378834, 40.4745007
-3.6378703, 40.4745164
-3.6378438, 40.4744812
-3.6378431, 40.4744862
-3.6378333, 40.4745824
-3.6369872, 40.4742725
-3.6380948, 40.4746803
-3.6380948, 40.4746803
-3.6378478, 40.4745406
-3.6378478, 40.4745406
-3.6380948, 40.4746803
-3.6380948, 40.4746803
-3.6380948, 40.4746803
-3.6380948, 40.4746803
-3.6377888, 40.4746256
-3.6378131, 40.4745786
-3.6378582, 40.474513
-3.6380948, 40.4746803
-3.6380948, 40.4746803
-3.6380948, 40.4746803
-3.6380948, 40.4746803
-3.6354793, 40.4749298
-3.6368219, 40.4742721
-3.6368219, 40.4742721
-3.6374553, 40.4739344
-3.6374553, 40.4739344
-3.6374553, 40.4739344
-3.6380888, 40.4783631
-3.637772, 40.4786908
-3.6368219, 40.4742721
-3.6368219, 40.4742721
-3.6378285, 40.4745808
-3.6377984, 40.4746189
-3.6378224, 40.4745927
-3.6378224, 40.4745927
-3.6378224, 40.4745927
-3.6378076, 40.4745862
-3.6378431, 40.4745624
-3.6377804, 40.4746503
-3.637279, 40.4736762
-3.6340067, 40.474002
-3.6344327, 40.4740767
-3.6339085, 40.4734294
-3.6341129, 40.4734424
-3.6390546, 40.4745304
-3.6380938, 40.4746783
-3.6378626, 40.4744829
-3.6380938, 40.4746783
-3.6380938, 40.4746783
-3.6380938, 40.4746783
-3.6378089, 40.4746008
-3.6380938, 40.4746783
-3.6378536, 40.4744896
-3.6380938, 40.4746783
-3.6380938, 40.4746783
-3.6380938, 40.4746783
-3.637855, 40.4744765
-3.637823, 40.4745011
-3.637816, 40.4744822
-3.6380938, 40.4746783
-3.6378337, 40.4745007
-3.6377868, 40.4746274
-3.6377868, 40.4746274
-3.6377868, 40.4746274
-3.6380938, 40.4746783
-3.6380938, 40.4746783
-3.6377947, 40.4745625
-3.6380938, 40.4746783
-3.6380938, 40.4746783
-3.6377985, 40.4745601
-3.6378497, 40.474552
-3.6380938, 40.4746783
-3.6378323, 40.4745722
-3.6380938, 40.4746783
-3.6378494, 40.4745541
-3.6380938, 40.4746783
-3.6380938, 40.4746783
-3.6378273, 40.4745821
-3.6378487, 40.4744849
-3.6378544, 40.4744954
-3.6380938, 40.4746783
-3.6380938, 40.4746783
-3.6378454, 40.4744782
-3.6380938, 40.4746783
-3.6380938, 40.4746783
-3.6380938, 40.4746783
-3.6380938, 40.4746783
-3.6380933, 40.4746813
-3.6380933, 40.4746813
-3.6378561, 40.4745053
-3.6380933, 40.4746813
-3.6380933, 40.4746813
-3.6380933, 40.4746813
-3.6380933, 40.4746813
-3.6380933, 40.4746813
-3.6380933, 40.4746813
-3.6378645, 40.4744818
-3.6380933, 40.4746813
-3.6380933, 40.4746813
-3.6380933, 40.4746813
-3.6380933, 40.4746813
-3.6380933, 40.4746813
-3.6380933, 40.4746813
-3.6380933, 40.4746813
-3.6380933, 40.4746813
-3.6380933, 40.4746813
-3.6380933, 40.4746813
-3.6378596, 40.4745074
-3.6380933, 40.4746813
-3.6378623, 40.4744611
-3.6378648, 40.4744995
-3.6380933, 40.4746813
-3.6378847, 40.474483
-3.6380933, 40.4746813
-3.6380933, 40.4746813
-3.6380933, 40.4746813
-3.6380933, 40.4746813
-3.6380933, 40.4746813
-3.6380933, 40.4746813
-3.6380933, 40.4746813
-3.6380933, 40.4746813
-3.6380933, 40.4746813
-3.6380933, 40.4746813
-3.6378274, 40.4745614
-3.6380933, 40.4746813
-3.6380933, 40.4746813
-3.6380933, 40.4746813
-3.6380933, 40.4746813
-3.6380933, 40.4746813
-3.6380933, 40.4746813
-3.637847, 40.474478
-3.6380933, 40.4746813
-3.6380933, 40.4746813
-3.6380933, 40.4746813
-3.6380933, 40.4746813
-3.6380933, 40.4746813
-3.6380933, 40.4746813
-3.6378433, 40.4744912
-3.6380933, 40.4746813
-3.6380933, 40.4746813
-3.6380933, 40.4746813
-3.6380933, 40.4746813
-3.6380933, 40.4746813
-3.6380933, 40.4746813
-3.6380933, 40.4746813
-3.6380933, 40.4746813
-3.6379969, 40.4744792
-3.6379078, 40.4744829
-3.6380933, 40.4746813
-3.6380933, 40.4746813
-3.6380933, 40.4746813
-3.6380933, 40.4746813
-3.6380933, 40.4746813
-3.6380933, 40.4746813
-3.6378773, 40.474482
-3.6380933, 40.4746813
-3.6378842, 40.4744901
-3.6380933, 40.4746813
-3.6380933, 40.4746813
-3.6380933, 40.4746813
-3.6380933, 40.4746813
-3.6380933, 40.4746813
-3.6380933, 40.4746813
-3.6380933, 40.4746813
-3.6380933, 40.4746813
-3.6380933, 40.4746813
