lon, lat
-4.15151458, 40.64094005
-3.707398, 40.415364
-3.70231246, 40.41364256
-3.70362958, 40.4077016
-3.70637661, 40.41011222
-3.68800945, 40.43277106
-3.68800945, 40.43277106
-8.72502127, 42.23782432
-8.82358074, 42.1436097
-8.84555419, 42.15348729
-8.72363664, 42.23695729
-8.72502127, 42.23782432
-8.72590702, 42.23849151
-8.82358074, 42.1436097
-8.82358074, 42.1436097
-8.84990113, 42.12566711
-8.85, 42.1167
-8.84990113, 42.12566711
-8.84990113, 42.12566711
-8.84990113, 42.12566711
-8.84987558, 42.12563655
-8.84987558, 42.12563655
-8.82524187, 42.15429623
-8.82524187, 42.15429623
-8.82358074, 42.1436097
-3.7, 40.45
-3.6958001, 40.4276199
-3.68333, 40.4
-3.6967599, 40.4132385
-3.68333, 40.4
-3.71146429, 40.41342407
-3.70712267, 40.41079073
-3.70637661, 40.41011222
-3.70712828, 40.40798788
-3.69909971, 40.40817766
33.27101893, 34.71219701
-76.3035802, 42.6809554
11.0, 45.447771
10.9833, 45.4333
10.99804926, 45.44218069
10.99804926, 45.44218069
9.2, 45.4667
9.2, 45.4667
-3.59163041, 40.49187197
9.19468933, 45.46759232
8.71395855, 45.62693598
9.20430269, 45.47135687
9.19468933, 45.46759232
9.19468933, 45.46759232
9.19468933, 45.46759232
9.19468933, 45.46759232
9.1851902, 45.47021454
9.18971981, 45.48363628
9.18971981, 45.48363628
9.18971981, 45.48363628
9.17676957, 45.46051341
9.17591281, 45.45212205
9.17861111, 45.47
9.1756763, 45.45133325
9.1756763, 45.45133325
9.1756763, 45.45133325
9.1697702, 45.4583015
9.19283108, 45.46488524
-3.68333, 40.4
-3.68333, 40.4
-3.68786, 40.4341888
-3.7075, 40.40888889
-3.7075, 40.40888889
-3.70555388, 40.41024523
-3.7107999, 40.4149399
-3.70267604, 40.41078394
-3.70914658, 40.41103434
-3.70914658, 40.41103434
103.84152831, 13.37195106
-3.71792848, 40.41856978
-3.7030699, 40.4061394
-3.7030699, 40.4061394
-3.7030699, 40.4061394
-3.7030699, 40.4061394
-3.7030699, 40.4061394
-3.7047501, 40.4083786
-3.7075, 40.40888889
-3.7075, 40.40888889
-3.7107999, 40.4149399
-3.7107999, 40.4149399
-3.714302, 40.417974
-3.7030699, 40.4061394
-3.68333, 40.4
-70.1881, -3.88333
-3.70712828, 40.40798788
-3.68333, 40.4
-3.68333, 40.4
-3.70899052, 40.41083285
-3.71012304, 40.41035098
-76.6611, 5.69472
-75.5, 10.4
-73.78775487, 2.18382627
-75.5, 10.4
-3.7077701, 40.3866615
-3.67925076, 40.61360598
-3.67925076, 40.61360598
-3.67925076, 40.61360598
-3.68333, 40.4
-3.6870848, 40.42727546
-3.70246247, 40.40600586
-3.70246247, 40.40600586
-3.70095798, 40.42321592
-3.70382795, 40.41363197
-3.68333, 40.4
-3.7057717, 40.4201343
-3.70393501, 40.4204139
-3.6981618, 40.4287148
-3.7155399, 40.3975906
-3.70179475, 40.41355211
-3.70916924, 40.41116305
-3.7073079, 40.41069933
-3.70712828, 40.40798788
-3.70347705, 40.4170666
-3.70712828, 40.40798788
-3.69812657, 40.42251653
-3.688889, 40.423333
33.63027778, 34.87888889
33.3667, 35.1667
8.57161132, 50.04889139
33.36122756, 35.17137655
8.57161132, 50.04889139
8.57161132, 50.04889139
-3.68333, 40.4
-3.70712828, 40.40798788
-3.688889, 40.423333
2.18363, 41.3855896
-3.68333, 40.4
-3.71141, 40.4025
-3.68472222, 40.43333333
-3.7022194, 40.42380895
-3.70246247, 40.40600586
-3.69290258, 40.4189147
-3.70246247, 40.40600586
-3.70246247, 40.40600586
-3.70246247, 40.40600586
-3.718888, 40.421388
-3.718888, 40.421388
-3.69589738, 40.42103963
-3.68402752, 40.41660752
-3.70966776, 40.4117597
-3.68333, 40.4
-3.70342661, 40.40831697
-3.70342661, 40.40831697
-3.68620854, 40.41688909
2.18333, 41.3833
2.18527778, 41.38277778
-3.68333, 40.4
-3.68695, 40.4322014
2.16876726, 41.38772737
33.09448714, 34.70018083
33.23495903, 34.70700078
33.29613655, 34.7717885
33.29613536, 34.77182557
33.48260376, 35.33175595
32.70260621, 34.66680417
32.59579117, 34.69667352
32.627772, 34.66509747
32.62776639, 34.66503245
32.627772, 34.66509747
32.627772, 34.66509747
32.627772, 34.66509747
32.88805237, 34.66429437
32.88838834, 34.66445883
32.9292, 34.6708
33.23495764, 34.70700032
33.23495764, 34.70700032
33.23495764, 34.70700032
33.3667, 35.1667
33.36245267, 35.17347561
33.3667, 35.1667
33.3667, 35.1667
33.36245267, 35.17347561
33.3667, 35.1667
33.36245267, 35.17347561
33.36155108, 35.17579213
33.36165175, 35.17579218
33.36165175, 35.17579218
33.36165175, 35.17579218
33.36165175, 35.17579218
33.36165175, 35.17579218
33.36245267, 35.17347561
33.36165175, 35.17579218
33.36165175, 35.17579218
33.3667, 35.1667
33.36165175, 35.17579218
33.36245267, 35.17347561
33.3667, 35.1667
33.3667, 35.1667
33.36201357, 35.17014508
33.3667, 35.1667
33.3667, 35.1667
33.36259817, 35.14659096
33.3667, 35.1667
33.23495944, 34.70700417
33.23495944, 34.70700417
-0.1040851, 51.5126114
-0.106749, 51.5374298
-0.10739451, 51.53477782
-3.69349, 40.4194603
-3.69283927, 40.41920098
-3.69283927, 40.41920098
-3.69349, 40.4194603
-3.69349, 40.4194603
-3.69349, 40.4194603
-3.69613113, 40.42025929
-3.7035301, 40.4097519
-0.13637356, 51.50941679
-0.17585618, 51.49621983
-0.17585618, 51.49621983
-0.17585618, 51.49621983
-0.17234472, 51.49670737
-0.19628752, 51.50902257
-0.19603045, 51.50850997
-0.20337322, 51.50790939
-0.20602597, 51.51738402
-0.20154607, 51.51252234
-0.20189821, 51.51276604
-0.20189821, 51.51276604
-0.19264841, 51.50989279
-0.41826862, 51.68979276
-0.41826862, 51.68979276
-0.41826862, 51.68979276
-0.41826862, 51.68979276
-0.41826862, 51.68979276
-0.41826862, 51.68979276
-0.41850977, 51.69053348
-0.41826862, 51.68979276
-0.41826862, 51.68979276
-0.41850977, 51.69053348
-0.41850977, 51.69053348
-0.41850977, 51.69053348
-0.41850977, 51.69053348
-0.41850977, 51.69053348
-0.41850977, 51.69053348
-0.21724923, 51.46036112
-0.1835252, 51.49444543
-0.1835252, 51.49444543
23.73536126, 37.97506766
23.73524357, 37.97620837
23.72603627, 37.97655253
23.73001047, 37.97624592
23.72603627, 37.97655253
23.72998815, 37.97021213
23.72998815, 37.97021213
23.72998815, 37.97021213
23.72998815, 37.97021213
23.72984112, 37.97556875
23.72984112, 37.97556875
23.72984112, 37.97556875
23.72456477, 37.97078008
23.72998815, 37.97021213
23.72822383, 37.96886706
23.72822383, 37.96886706
23.72822383, 37.96886706
23.71479466, 37.97974845
23.71739903, 37.96779022
23.7313281, 37.97457276
23.73293, 37.97348
23.75761314, 37.98714779
23.7313281, 37.97457276
23.73001047, 37.97624592
23.72847122, 37.97608011
23.73244016, 37.97208932
23.72490549, 37.9783025
23.07933483, 37.5961114
23.07933483, 37.5961114
22.79752058, 37.56742085
23.75761314, 37.98714779
-3.71698518, 40.4874813
23.7313281, 37.97457276
22.79654576, 37.56613035
22.79654576, 37.56613035
22.79654576, 37.56613035
22.79706059, 37.56616728
22.79706059, 37.56616728
22.79706059, 37.56616728
22.79706059, 37.56616728
22.79752058, 37.56742085
22.79706059, 37.56616728
22.74541225, 37.70876877
22.79855659, 37.56495744
22.79855659, 37.56495744
22.36850651, 37.07362165
-3.68866569, 40.43309963
-3.687725, 40.43179688
