lon, lat
-3.6783204, 40.427774
-3.68065975, 40.42760755
-3.70269799, 40.43550132
-3.6792582, 40.4265921
-5.506964, 37.654475
-5.5211157, 37.6432732
-5.45756, 37.123782
-5.45756, 37.123782
-5.45782, 37.1223
-5.45782, 37.1223
-5.45778, 37.12233
-3.68011205, 40.42753033
-5.4518164, 37.1202227
-5.4518164, 37.1202227
-5.45676707, 37.12419748
-5.45195168, 37.12984802
-5.4554193, 37.1312695
-5.4554193, 37.1312695
-5.45457973, 37.13104625
-5.45779, 37.12231
-5.45779, 37.12231
-5.4554193, 37.1312695
-5.4554193, 37.1312695
-3.7020225, 40.435175
-3.68024918, 40.42719229
-3.68025186, 40.42728608
-3.68774462, 40.37032016
-3.68774462, 40.37032016
-3.68774462, 40.37032016
-3.68774462, 40.37032016
-3.68774462, 40.37032016
-3.68774462, 40.37032016
-3.68774462, 40.37032016
-3.68774462, 40.37032016
-3.68774462, 40.37032016
-3.68774462, 40.37032016
-3.702827, 40.434774
-3.70266298, 40.43556918
-3.70276204, 40.43555498
-3.70277084, 40.43552217
-3.6999314, 40.4344186
-3.70266423, 40.43551341
-3.70269326, 40.43551615
-3.70268, 40.435051
-3.70268, 40.435051
-3.70280281, 40.4355858
-3.70270992, 40.43556742
-3.702567, 40.435111
-3.702567, 40.435111
-3.70274883, 40.43556648
-3.70268, 40.435051
-3.7028295, 40.4348452
-3.7028295, 40.4348452
-3.6792925, 40.42735102
-3.70277271, 40.43558937
-3.70273719, 40.43560661
-3.70273097, 40.43561295
-3.7027627, 40.4351144
-3.68067397, 40.42773036
-3.7027128, 40.4355637
-3.70277489, 40.43554863
-3.70278679, 40.43556809
-3.70272795, 40.43558484
-3.70270342, 40.43553395
-3.70270658, 40.43556281
-3.70273196, 40.43555904
-3.68063985, 40.42767185
-3.68065618, 40.42776541
-3.67874268, 40.42733844
-3.7021863, 40.4353706
-3.70283287, 40.43558183
-3.68098047, 40.42786959
-3.68054535, 40.4280506
-3.68054535, 40.4280506
-3.7034904, 40.4285726
-3.7030245, 40.4268079
-3.70448, 40.43099
-3.7034904, 40.4285726
9.16968048, 45.48258175
-5.45853, 37.12223
-5.454679, 37.137815
-5.4546923, 37.1250577
-5.4546923, 37.1250577
-5.4546923, 37.1250577
-5.4546923, 37.1250577
-5.45674712, 37.1241378
-5.4546923, 37.1250577
-5.4546923, 37.1250577
-3.7021954, 40.4347454
-3.7029168, 40.4350921
-3.702566, 40.4349953
-3.7020885, 40.4356831
-3.7029248, 40.4350123
-3.70287964, 40.43553321
-3.7020885, 40.4356831
-3.7021954, 40.4347454
-3.68026402, 40.42713806
-3.7029248, 40.4350123
-3.7029248, 40.4350123
-3.68039528, 40.42715306
-3.68013259, 40.42736219
-3.6791743, 40.4275962
-3.701309, 40.435094
-3.7028507, 40.43548761
-3.702935, 40.434999
-3.70281637, 40.43548265
-3.70286091, 40.43551065
-3.7012217, 40.4354933
-3.70291143, 40.43549514
-3.70279849, 40.43547939
-3.7028497, 40.4349245
-3.7028174, 40.43549936
-3.70287182, 40.43548909
-3.70291605, 40.4354991
-3.7028497, 40.4349245
-3.67935205, 40.4275953
-3.67958435, 40.42773005
-3.67958435, 40.42773005
-3.68036083, 40.42722557
-3.70290251, 40.43550171
-3.67950295, 40.4275502
-3.69843, 40.4288927
-3.7028097, 40.4350913
-3.7028097, 40.4350913
-3.7028097, 40.4350913
-3.69845095, 40.42953588
-3.682828, 40.398318
-3.6795079, 40.42748883
-3.6796727, 40.42734435
-3.68040559, 40.42747443
-3.6796727, 40.42734435
-3.6791411, 40.4274908
-3.6796727, 40.42734435
-3.67958705, 40.4275454
-3.70289962, 40.43554394
-3.6796281, 40.4273894
-3.6798717, 40.4273737
-3.6798717, 40.4273737
-3.6796281, 40.4273894
-3.67946093, 40.42748025
-3.6796281, 40.4273894
-3.67962065, 40.42740655
-3.70499139, 40.44079855
-3.6976651, 40.42286857
-3.7028649, 40.43412915
-3.70277964, 40.43555499
-3.70280702, 40.43555925
-3.70289315, 40.43558471
-3.67955705, 40.42753495
-3.70290115, 40.43558049
-3.7043731, 40.43460649
-3.679907, 40.42743583
-3.680731, 40.4353031
-3.70289225, 40.43557056
-3.7028991, 40.4344505
16.35823, 48.21003
16.35823, 48.21003
16.358915, 48.210545
16.35920693, 48.21056413
16.358815, 48.210449
16.33274077, 48.20194067
16.33272619, 48.20194872
16.33272619, 48.20194872
16.33278741, 48.20186597
-3.67964285, 40.427521
-3.7026618, 40.4339221
-3.70259, 40.43427
-3.702286, 40.434932
-3.702286, 40.434932
-3.70271136, 40.4355703
-3.7022457, 40.4351686
-3.702286, 40.434932
-3.70277514, 40.43555598
-3.7026618, 40.4339221
-3.70280724, 40.43557702
-3.70259, 40.43427
-3.70279979, 40.43555376
-3.7026618, 40.4339221
-3.67953935, 40.42765665
-3.70173879, 40.4293114
-3.7029389, 40.4347312
-3.70273732, 40.43557443
-3.68838784, 40.43440886
-3.68870962, 40.40655898
-6.00273977, 37.38493754
-3.67209103, 40.42860052
-5.45739931, 37.12407509
-5.4551678, 37.11972801
-3.70209001, 40.42833166
-3.70441399, 40.43848589
-5.97500682, 37.39222062
-3.71156003, 40.4348192
-3.70112378, 40.42604717
-3.70354056, 40.41687784
-5.97500682, 37.39222062
-6.00053072, 37.3829459
-5.99407409, 37.38859767
-5.99306881, 37.38995745
-5.97877828, 37.38404407
-3.7138894, 40.42497002
-3.68934631, 40.46603346
-3.70354056, 40.41687784
-3.70739087, 40.41543611
-3.42280231, 40.13932276
