lon, lat
-3.6744752, 40.3818243
-3.6744959, 40.3818952
-3.6744805, 40.3818884
-3.6744916, 40.38187
-3.6744864, 40.3818979
-3.6744819, 40.3818684
-3.6744825, 40.3818757
-3.6744887, 40.3819101
-3.6744813, 40.3818713
-3.6744805, 40.3818915
-3.6744806, 40.3818735
-3.6744558, 40.3818915
-3.6744594, 40.3818981
-3.6744825, 40.3818863
-3.6744915, 40.3818585
-3.674498, 40.3818709
-3.6745124, 40.3818951
-3.6745036, 40.3819031
-3.6745113, 40.3818896
-3.674489, 40.3818807
-3.6744943, 40.3818957
-3.674501, 40.3818843
-3.6745176, 40.3819065
-3.6744939, 40.3818872
-3.6745123, 40.3818857
-3.6744855, 40.3819037
-3.6745, 40.3819037
-3.6744865, 40.3818816
-3.6745, 40.3818867
-3.674508, 40.3818723
-3.6744978, 40.3818973
-3.6745002, 40.3818754
-3.6744955, 40.3818829
-3.6744311, 40.3818813
-3.6744864, 40.3818851
-3.6744998, 40.3818957
-3.674438, 40.3818855
-3.6744632, 40.3819086
-3.6744895, 40.3818838
-3.6744916, 40.3818909
-3.6744822, 40.381877
-3.6744767, 40.3818843
-3.6744998, 40.3818938
-3.6744818, 40.3818724
-3.6744244, 40.3819028
-3.6744939, 40.3818851
-3.6744572, 40.3819058
-3.6744359, 40.3818939
-3.674472, 40.3818314
-3.6744833, 40.3818719
-3.6744698, 40.3818308
-3.6744915, 40.3818585
-3.6744828, 40.381875
-3.6744955, 40.3818925
-3.674474, 40.3818244
-3.6744825, 40.381872
-3.6744671, 40.3818347
-3.6744863, 40.3818787
-3.6744826, 40.3818743
