lon, lat
30.09697992, 40.65379765
30.09697992, 40.65379765
29.07715953, 40.96213322
29.06649334, 40.9636097
29.07715953, 40.96213322
29.077226, 40.96206222
29.077226, 40.96206222
29.077226, 40.96206222
29.1033897, 40.9568977
29.06439071, 40.9635002
29.49948881, 40.78079932
29.4994194, 40.77949596
29.24947495, 40.8714733
29.077226, 40.96206222
29.077226, 40.96206222
29.03902015, 41.08414475
29.03902015, 41.08414475
29.14860877, 40.90179472
29.077226, 40.96206222
29.1033897, 40.9568977
29.077226, 40.96206222
29.22866917, 40.89469076
29.1033897, 40.9568977
29.30659198, 40.84393788
29.45696995, 40.8636546
29.45696995, 40.8636546
29.45696995, 40.8636546
29.42253625, 40.7938262
29.49948881, 40.78079932
29.49089294, 40.79191152
29.077226, 40.96206222
29.077226, 40.96206222
29.077226, 40.96206222
29.10891478, 40.96515646
29.077226, 40.96206222
29.03579044, 40.96788658
29.60374093, 41.17542056
29.0702937, 40.96597603
28.9925212, 41.03352685
29.42769312, 40.76949183
4.8832321, 52.3638458
4.8792701, 52.3656197
4.8832321, 52.3638458
4.89784275, 52.37674534
4.76359519, 52.30911219
29.077226, 40.96206222
29.30311062, 40.81568854
29.01728279, 41.01033407
29.077226, 40.96206222
29.077226, 40.96206222
29.3008, 40.8167
29.077226, 40.96206222
29.07586789, 40.96298707
29.1033897, 40.9568977
29.1033897, 40.9568977
29.1033897, 40.9568977
29.077226, 40.96206222
29.077226, 40.96206222
30.28238709, 40.69237832
32.00756665, 40.76348013
32.82123706, 39.89616629
30.65130244, 39.73294104
29.00992424, 41.01071509
29.09833823, 40.95699501
29.077226, 40.96206222
29.1033897, 40.9568977
29.4994194, 40.77949596
29.1033897, 40.9568977
29.35083382, 40.91985081
29.92333525, 40.76335662
29.077226, 40.96206222
29.077226, 40.96206222
-3.57014223, 40.46501476
-3.70913453, 40.4225861
-3.71194444, 40.42277778
4.76359519, 52.30911219
4.8832321, 52.3638458
4.8859034, 52.3652802
4.88268729, 52.3620271
4.8922, 52.3731
29.1033897, 40.9568977
29.1033897, 40.9568977
29.1033897, 40.9568977
29.077226, 40.96206222
29.06985888, 40.96098673
29.1033897, 40.9568977
29.1033897, 40.9568977
29.077226, 40.96206222
29.077226, 40.96206222
29.06649334, 40.9636097
29.06649334, 40.9636097
29.05493534, 41.00228325
29.06649334, 40.9636097
29.06649334, 40.9636097
29.06649334, 40.9636097
29.1033897, 40.9568977
29.0357925, 40.96790795
29.06649334, 40.9636097
29.1033897, 40.9568977
29.1033897, 40.9568977
29.077226, 40.96206222
29.01728279, 41.01033407
29.1033897, 40.9568977
29.077226, 40.96206222
29.077226, 40.96206222
29.06439071, 40.9635002
29.0702937, 40.96597603
29.12607498, 40.92335041
29.1033897, 40.9568977
29.07789159, 40.96728638
29.09506914, 40.95349476
29.077226, 40.96206222
29.077226, 40.96206222
29.11407137, 40.93728443
29.1033897, 40.9568977
-9.18543293, 38.75329971
-9.15, 38.72527778
29.42845865, 40.76998764
29.077226, 40.96206222
27.13547413, 38.43093909
27.14233393, 38.43511015
27.13441331, 38.42905071
27.13547413, 38.43093909
27.1503, 38.4072
27.1313591, 38.4241486
27.14557655, 38.42398604
27.13368678, 38.42596144
28.12375634, 39.82894864
29.03224844, 40.96896801
29.05166101, 40.97367414
29.077226, 40.96206222
29.077226, 40.96206222
29.10215623, 40.95674319
29.077226, 40.96206222
29.10215623, 40.95674319
29.077226, 40.96206222
29.077226, 40.96206222
29.077226, 40.96206222
28.9869595, 41.0426903
28.99041944, 41.10286944
29.0118008, 41.0878601
29.04926029, 40.96970152
29.01597328, 41.0246594
29.077226, 40.96206222
29.10215623, 40.95674319
28.99041944, 41.10286944
29.05070109, 41.01967409
29.077226, 40.96206222
29.10215623, 40.95674319
29.0702937, 40.96597603
29.0434399, 41.0074081
29.0702937, 40.96597603
29.41613007, 40.78175083
29.0702937, 40.96597603
29.09554743, 40.95334244
29.077226, 40.96206222
29.0702937, 40.96597603
29.06649334, 40.9636097
29.06649334, 40.9636097
29.00408908, 41.02121527
29.44234178, 40.79536384
29.0702937, 40.96597603
27.13547413, 38.43093909
27.14557655, 38.42398604
27.14557655, 38.42398604
27.4292, 37.0383
27.29243558, 37.10575779
27.23534391, 37.05493392
27.23534391, 37.05493392
30.6833, 36.9
31.52505069, 36.72971268
31.52505069, 36.72971268
30.35581348, 40.6635254
29.06649334, 40.9636097
29.15658449, 40.99898546
29.0702937, 40.96597603
29.0741005, 40.9640083
29.10920016, 40.96507634
29.0118008, 41.0878601
29.49948881, 40.78079932
29.49948881, 40.78079932
29.49948881, 40.78079932
27.1503, 38.4072
27.28256119, 37.10207956
27.28256119, 37.10207956
31.4594439, 36.79067533
31.52505069, 36.72971268
31.52505069, 36.72971268
27.28254938, 37.10212396
27.27559977, 37.0035068
27.29097407, 37.11677601
27.29097407, 37.11677601
27.29259948, 37.10499881
27.29097407, 37.11677601
27.29259948, 37.10499881
27.29259948, 37.10499881
27.29259948, 37.10499881
27.29259948, 37.10499881
27.40335374, 37.03377293
27.29259948, 37.10499881
27.43175707, 37.03598792
27.43175707, 37.03598792
27.29259948, 37.10499881
27.28254938, 37.10212396
27.28254938, 37.10212396
27.42161597, 37.04003571
27.42161597, 37.04003571
27.42161597, 37.04003571
27.42161597, 37.04003571
27.28252964, 37.10209179
27.29259948, 37.10499881
27.28226749, 37.10203538
27.44632487, 37.04950719
27.23565153, 37.05416316
27.28226749, 37.10203538
27.28226749, 37.10203538
27.37685724, 37.02799704
27.28226749, 37.10203538
27.29259948, 37.10499881
27.29259948, 37.10499881
27.28230067, 37.10205568
27.28226749, 37.10203538
31.52506364, 36.72972091
31.52506364, 36.72972091
30.81350847, 36.93465098
27.13547413, 38.43093909
27.28224546, 37.10197876
27.28223611, 37.10199765
27.28223611, 37.10199765
27.28223611, 37.10199765
27.43175707, 37.03598792
27.28223611, 37.10199765
27.28223611, 37.10199765
27.28223611, 37.10199765
27.29240394, 37.10573913
29.12281623, 36.54787985
31.54058263, 36.73352842
31.54058263, 36.73352842
31.52506654, 36.72971996
31.18003918, 36.96384485
27.28217007, 37.10210501
27.28217007, 37.10210501
27.28217007, 37.10210501
27.28217007, 37.10210501
27.28217007, 37.10210501
27.29259948, 37.10499881
27.29259948, 37.10499881
27.29259948, 37.10499881
27.29259948, 37.10499881
31.52575495, 36.72931562
31.52575495, 36.72931562
27.14068716, 38.43541127
27.77594494, 37.32616844
27.29259948, 37.10499881
27.28336156, 37.10230064
27.25906529, 37.0489216
29.48224139, 40.09627636
31.52503656, 36.72980513
31.52503656, 36.72980513
31.52503656, 36.72980513
31.5405266, 36.73374251
31.62720539, 36.67788152
31.52503656, 36.72980513
31.52503656, 36.72980513
31.62720539, 36.67788152
31.39903858, 36.78741081
29.49948881, 40.78079932
29.12563207, 40.92388667
29.06563482, 41.10003394
28.98948712, 41.04610348
28.98948712, 41.04610348
28.99002278, 41.0460724
29.41526953, 40.79107961
29.00258857, 41.0656289
29.06600546, 40.64401662
29.38983812, 40.94496372
29.44234178, 40.79536384
28.98989168, 41.04628016
29.44074, 40.79663
27.11848495, 40.61217606
27.11668353, 40.60968379
27.11848495, 40.61217606
29.30372194, 40.47615635
27.44269712, 37.02950198
27.44269712, 37.02950198
27.44269712, 37.02950198
27.44269712, 37.02950198
29.06649334, 40.9636097
29.06649334, 40.9636097
29.06649334, 40.9636097
29.06430809, 40.96352183
29.07424344, 40.96394205
29.4994194, 40.77949596
29.36941037, 40.77882961
29.02880306, 40.99046774
31.40709255, 40.65953586
29.42135337, 40.76586461
28.99168938, 41.10301207
28.99168938, 41.10301207
29.00259214, 41.06562307
33.31667, 35.34167
33.31667, 35.34167
33.31791194, 35.34226691
33.31667, 35.34167
33.31667, 35.34167
33.31667, 35.34167
33.31667, 35.34167
28.977683, 41.03479053
28.977683, 41.03479053
28.99168938, 41.10301207
29.00259214, 41.06562307
29.04923085, 40.96967899
29.27733144, 41.01675631
29.3306171, 40.9308043
29.04923085, 40.96967899
29.13517, 40.92138
29.42088117, 40.7911931
28.99168938, 41.10301207
28.99168938, 41.10301207
29.00259214, 41.06562307
29.42254023, 40.79381825
29.49948881, 40.78079932
30.77040411, 39.20005636
30.77040411, 39.20005636
29.44234178, 40.79536384
29.30311062, 40.81568854
29.44234178, 40.79536384
29.42254023, 40.79381825
29.42195632, 40.76575793
27.59590569, 37.87287577
27.42566397, 37.03527332
27.37455889, 37.0248531
27.41100443, 37.03689898
27.41100443, 37.03689898
27.41100443, 37.03689898
27.43993333, 38.62300556
27.29097407, 37.11677601
27.29191039, 36.96785999
27.43178345, 37.0360255
27.41100443, 37.03689898
27.23564328, 37.05416563
27.42339086, 37.03603385
27.41100443, 37.03689898
27.41100443, 37.03689898
26.37982743, 38.28240039
26.37982743, 38.28240039
26.37652546, 38.28078694
26.38385493, 38.24870665
26.38385493, 38.24870665
26.38311145, 38.25433008
26.38311145, 38.25433008
26.3780566, 38.28515149
27.15400349, 38.46728081
27.15400349, 38.46728081
27.13684542, 38.42556714
27.13509609, 38.43013151
29.42195632, 40.76575793
29.10216383, 40.95673705
29.08168227, 40.95990249
29.10216383, 40.95673705
29.10216383, 40.95673705
30.51614877, 39.7772878
30.53329372, 39.76710302
29.05742348, 40.19759935
29.10216383, 40.95673705
29.10216383, 40.95673705
29.10216383, 40.95673705
29.10216383, 40.95673705
29.10216383, 40.95673705
29.31577206, 40.90754499
27.13509609, 38.43013151
27.42566397, 37.03527332
27.43386175, 37.03345976
27.42566397, 37.03527332
27.43178345, 37.0360255
27.43178345, 37.0360255
27.94205491, 39.67718029
29.00330854, 40.19057223
29.61815141, 40.7834201
29.49054585, 40.79053428
29.48650279, 40.87978787
29.46582901, 40.80302969
29.08168227, 40.95990249
29.49054585, 40.79053428
29.93202548, 40.76061225
29.49054585, 40.79053428
29.12999826, 40.91836905
29.10216383, 40.95673705
29.10216383, 40.95673705
29.10216383, 40.95673705
29.08168227, 40.95990249
29.06589913, 40.96369472
29.08168227, 40.95990249
30.69742584, 40.75245655
32.7307886, 39.945393
32.81414227, 39.9296684
32.7307886, 39.945393
32.7307886, 39.945393
32.86668327, 39.90652953
31.43133601, 40.75772641
29.08168227, 40.95990249
29.49118985, 40.7918594
29.4316864, 40.80062106
29.08168227, 40.95990249
29.10216383, 40.95673705
29.10239697, 40.95663185
29.07661774, 40.96410091
29.04284404, 41.00789698
29.0737619, 40.32941771
27.09664079, 38.45793275
27.13509609, 38.43013151
27.13545141, 38.43093453
27.14009285, 38.4355224
28.16097584, 39.9155999
29.056245, 40.18867
29.056245, 40.18867
30.53373635, 39.76713756
32.8644, 39.9272
32.68160286, 39.89639098
32.68285396, 39.8738584
32.8662252, 39.90696927
30.94492362, 40.83733398
29.00627063, 41.0680807
29.07108052, 40.96034332
29.08169129, 40.95994235
28.99108261, 41.10330166
28.99506984, 41.06655559
29.00229692, 41.06521286
29.10215957, 40.956737
29.08170495, 40.95993415
29.10215957, 40.956737
29.07727431, 40.96203172
29.10215957, 40.956737
29.10239697, 40.95663185
29.08170495, 40.95993415
30.52388868, 39.77405133
29.18770737, 40.88798973
28.89651956, 41.04592027
29.10215999, 40.95673706
28.97780346, 41.03472278
28.97780346, 41.03472278
29.08171141, 40.95992871
29.02894234, 40.98688785
29.16830267, 40.89462524
29.11421403, 40.93689947
29.00258654, 41.06562026
29.08168243, 40.95990291
29.08168243, 40.95990291
23.44578145, 41.7755626
23.47908687, 41.82835154
23.47908687, 41.82835154
23.47908537, 41.82835158
23.448112, 41.77977383
26.35896042, 41.71593363
29.05355278, 40.97583727
29.10216383, 40.95673705
29.1323698, 40.10297024
29.13259355, 40.10400227
29.13259355, 40.10400227
29.13259355, 40.10400227
29.05593, 40.17814
29.05593, 40.17814
29.07112233, 40.96029381
29.00259214, 41.06562307
29.0823049, 40.95954103
29.08170735, 40.95988596
29.08170735, 40.95988596
28.99190097, 41.10285811
