lon, lat
-3.6698413, 40.5102031
-3.6698413, 40.5102031
-3.6698341, 40.5101755
-3.6698341, 40.5101755
-3.6698341, 40.5101755
-3.6698341, 40.5101755
-3.6697485, 40.5102241
-3.6697485, 40.5102241
-3.6697485, 40.5102241
-3.6697335, 40.5101773
-3.6697335, 40.5101773
-3.6697335, 40.5101773
-3.6697258, 40.5102326
-3.6698526, 40.5101746
-3.6698526, 40.5101746
-3.6698526, 40.5101746
-3.6698076, 40.5102261
-3.6698076, 40.5102261
-3.6698388, 40.5101997
-3.6698388, 40.5101997
-3.6698388, 40.5101997
-3.6697609, 40.5101325
-3.6697609, 40.5101325
-3.669807, 40.510166
-3.669807, 40.510166
-3.669807, 40.510166
-3.669807, 40.510166
-3.6698283, 40.5101588
-3.6698283, 40.5101588
-3.6698283, 40.5101588
-3.6698283, 40.5101588
-3.6697875, 40.5101843
-3.6697609, 40.5101325
-3.6697875, 40.5101843
-3.6697875, 40.5101843
-3.6697986, 40.510161
-3.6697986, 40.510161
-3.6697986, 40.510161
-3.6697986, 40.510161
-3.669756, 40.5101682
-3.669756, 40.5101682
-3.6698218, 40.5102021
-3.6698218, 40.5102021
-3.6698218, 40.5102021
-3.6698218, 40.5102021
-3.669776, 40.5102104
-3.6697616, 40.5101806
-3.6697616, 40.5101806
-3.6697616, 40.5101806
-3.6697616, 40.5101806
-3.6697616, 40.5101806
-3.6697616, 40.5101806
-3.6697616, 40.5101806
-3.6697692, 40.5101808
-3.6697616, 40.5101806
-3.6697692, 40.5101808
-3.6697692, 40.5101808
-3.6697692, 40.5101808
-3.6697692, 40.5101808
-3.6697692, 40.5101808
-3.6697683, 40.5101616
-3.6697683, 40.5101616
-3.6697555, 40.5101687
-3.6697555, 40.5101687
-3.6697555, 40.5101687
-3.6698365, 40.5101698
-3.6697555, 40.5101687
-3.6697555, 40.5101687
-3.6698201, 40.5102381
-3.6698201, 40.5102381
-3.669806, 40.5101853
-3.6697603, 40.5101738
-3.669806, 40.5101853
-3.669806, 40.5101853
-3.669806, 40.5101853
-3.6697603, 40.5101738
-3.6697744, 40.5101702
-3.6697744, 40.5101702
-3.6697744, 40.5101702
-3.6697744, 40.5101702
-3.6697744, 40.5101702
-3.6697744, 40.5101702
-3.669783, 40.5102203
-3.6697671, 40.5101756
-3.6697671, 40.5101756
-3.6697428, 40.5101695
-3.6697428, 40.5101695
-3.6697428, 40.5101695
-3.6697428, 40.5101695
-3.6697715, 40.5102219
-3.6697715, 40.5102219
-3.6697715, 40.5102219
-3.6697715, 40.5102219
-3.6697715, 40.5102219
-3.6697715, 40.5102219
-3.6697643, 40.5101761
-3.6697643, 40.5101761
-3.6697643, 40.5101761
-3.6697643, 40.5101761
-3.6697643, 40.5101761
-3.6697643, 40.5101761
-3.6697643, 40.5101761
-3.6697643, 40.5101761
-3.6697643, 40.5101761
-3.6697643, 40.5101761
-3.6697871, 40.5101763
-3.6698734, 40.5102352
-3.6698734, 40.5102352
-3.6698734, 40.5102352
-3.6697615, 40.5101797
-3.6697615, 40.5101797
-3.6697615, 40.5101797
-3.6697615, 40.5101797
-3.6697823, 40.5101914
-3.6698616, 40.5102021
-3.6698616, 40.5102021
-3.6698616, 40.5102021
-3.6697461, 40.5101969
-3.6697461, 40.5101969
-3.6697461, 40.5101969
-3.6697902, 40.510186
-3.6698244, 40.5101993
-3.6698244, 40.5101993
-3.6698616, 40.5102021
-3.6698616, 40.5102021
-3.6697461, 40.5101969
-3.6697461, 40.5101969
-3.669764, 40.5101564
-3.6697935, 40.5101869
-3.6697626, 40.51017
-3.6698722, 40.5101745
-3.6698722, 40.5101745
-3.6697935, 40.5101869
-3.6697935, 40.5101869
-3.6697634, 40.5101484
-3.6697636, 40.5101742
-3.6697636, 40.5101742
-3.6697636, 40.5101742
-3.6697636, 40.5101742
-3.6697636, 40.5101742
-3.6697636, 40.5101742
-3.6698041, 40.5101772
-3.6698041, 40.5101772
-3.6698041, 40.5101772
-3.6698337, 40.5102059
-3.6698337, 40.5102059
-3.6698337, 40.5102059
-3.6698337, 40.5102059
-3.6697772, 40.510215
-3.6698337, 40.5102059
-3.6698337, 40.5102059
-3.6697772, 40.510215
-3.6697772, 40.510215
-3.6697869, 40.5101756
-3.6697869, 40.5101756
-3.6697869, 40.5101756
-3.6697634, 40.5101484
-3.6697772, 40.510215
-3.6697869, 40.5101756
-3.6697671, 40.5101593
-3.6698041, 40.5101772
-3.6697671, 40.5101593
-3.6697671, 40.5101593
-3.6697671, 40.5101593
-3.6697671, 40.5101593
-3.6697671, 40.5101593
-3.6697671, 40.5101593
-3.6697611, 40.510182
-3.6697611, 40.510182
-3.6697611, 40.510182
-3.6697611, 40.510182
-3.6697611, 40.510182
-3.6697611, 40.510182
-3.6697269, 40.5101692
-3.6697522, 40.5101734
-3.669792, 40.5102318
-3.6697269, 40.5101692
-3.6697269, 40.5101692
-3.6697611, 40.510182
-3.6697269, 40.5101692
-3.6697269, 40.5101692
-3.6697269, 40.5101692
-3.6697269, 40.5101692
-3.6697686, 40.5101788
-3.6697962, 40.5102132
-3.6697522, 40.5101734
-3.669788, 40.5101978
-3.6697819, 40.5102047
-3.669788, 40.5101978
-3.6698178, 40.5101694
-3.6697728, 40.5102156
-3.6698178, 40.5101694
-3.6697665, 40.5101649
-3.6698849, 40.5101844
-3.6698849, 40.5101844
-3.6698849, 40.5101844
-3.6698849, 40.5101844
-3.6698849, 40.5101844
-3.6698849, 40.5101844
-3.6697934, 40.51018
-3.6697934, 40.51018
-3.6697934, 40.51018
-3.6697934, 40.51018
-3.6697934, 40.51018
-3.6697817, 40.5101693
-3.6697934, 40.51018
-3.6697934, 40.5101934
-3.6697817, 40.5101693
-3.6697648, 40.510182
-3.6697648, 40.510182
-3.6697648, 40.510182
-3.6697648, 40.510182
-3.6697648, 40.510182
-3.6698416, 40.5101845
-3.6698416, 40.5101845
-3.6697844, 40.5102019
-3.6698416, 40.5101845
-3.6698416, 40.5101845
-3.6697746, 40.5101642
-3.6697746, 40.5101642
-3.6697746, 40.5101642
-3.6697978, 40.5102066
-3.6697978, 40.5102066
-3.6697978, 40.5102066
-3.6698134, 40.5102252
-3.6698134, 40.5102252
-3.6698134, 40.5102252
-3.6697978, 40.5102066
-3.6724749, 40.5053817
-3.6724749, 40.5053817
-3.6724749, 40.5053817
-3.6697978, 40.5102066
-3.6697644, 40.5101886
-3.6697644, 40.5101886
-3.6697644, 40.5101886
-3.6697644, 40.5101886
-3.6697618, 40.5101799
-3.6697618, 40.5101799
-3.6697618, 40.5101799
-3.6697726, 40.5101794
-3.6697623, 40.5101741
-3.6697623, 40.5101741
-3.6698388, 40.510209
-3.6698388, 40.510209
-3.6698233, 40.5102184
-3.6698233, 40.5102184
-3.6698233, 40.5102184
-3.6697618, 40.5101799
-3.6697618, 40.5101799
-3.6697618, 40.5101799
-3.669778, 40.5102056
-3.669778, 40.5102056
-3.669778, 40.5102056
-3.6697726, 40.5101794
-3.6698388, 40.510209
-3.6697726, 40.5101794
-3.669778, 40.5102056
-3.6698233, 40.5102184
-3.6698233, 40.5102184
-3.6698233, 40.5102184
-3.6698233, 40.5102184
-3.6698233, 40.5102184
-3.669841, 40.5101589
-3.669841, 40.5101589
-3.669841, 40.5101589
-3.669841, 40.5101589
-3.669841, 40.5101589
-3.669841, 40.5101589
-3.6698388, 40.510209
-3.6697762, 40.5101773
-3.6698388, 40.510209
-3.6697762, 40.5101773
-3.6697514, 40.5101659
-3.6697514, 40.5101659
-3.6697514, 40.5101659
-3.6697514, 40.5101659
-3.6697514, 40.5101659
-3.6697762, 40.5101773
-3.6697762, 40.5101773
-3.6697762, 40.5101773
-3.6697762, 40.5101773
-3.6697602, 40.5101938
-3.6697602, 40.5101938
-3.6697602, 40.5101938
-3.6697602, 40.5101938
-3.6697602, 40.5101938
-3.6697602, 40.5101938
-3.6697816, 40.5101886
-3.6697816, 40.5101886
-3.6697482, 40.5101672
-3.6697482, 40.5101672
-3.6697482, 40.5101672
-3.6697506, 40.5101817
-3.6697618, 40.5102182
-3.6697618, 40.5102182
-3.6697618, 40.5102182
-3.6697618, 40.5102182
-3.6697618, 40.5102182
-3.6697618, 40.5102182
-3.6698109, 40.5101854
-3.6698109, 40.5101854
-3.6697571, 40.5101816
-3.6697571, 40.5101816
-3.6697571, 40.5101816
-3.6697816, 40.5101886
-3.6697816, 40.5101886
-3.6698339, 40.5101741
-3.6697571, 40.5101816
-3.6697618, 40.5102182
-3.6698066, 40.5102152
-3.6697816, 40.5101886
-3.6697834, 40.5101817
-3.6697501, 40.5101746
-3.6697727, 40.5101826
-3.6697727, 40.5101826
-3.6697473, 40.5101725
-3.6697473, 40.5101725
-3.6697727, 40.5101826
-3.6697473, 40.5101725
-3.6697907, 40.5101772
-3.6697907, 40.5101772
-3.6697907, 40.5101772
-3.6697907, 40.5101772
-3.66974, 40.5101773
-3.66974, 40.5101773
-3.66974, 40.5101773
-3.66974, 40.5101773
-3.66974, 40.5101773
-3.66974, 40.5101773
-3.66974, 40.5101773
-3.6697804, 40.5101905
-3.6697804, 40.5101905
-3.6697804, 40.5101905
-3.6697604, 40.5101804
-3.6698158, 40.5101682
-3.6698158, 40.5101682
-3.6697604, 40.5101804
-3.6697907, 40.5101772
-3.6697804, 40.5101905
-3.6697804, 40.5101905
-3.6697604, 40.5101804
-3.6697604, 40.5101804
-3.6698158, 40.5101682
-3.6698158, 40.5101682
-3.6697563, 40.5101772
-3.6697563, 40.5101772
-3.6697563, 40.5101772
-3.6697563, 40.5101772
-3.6698226, 40.5102292
-3.6697697, 40.5101812
-3.6698417, 40.5101971
-3.6698226, 40.5102292
-3.6698417, 40.5101971
-3.6698417, 40.5101971
-3.6698417, 40.5101971
-3.6698417, 40.5101971
-3.6697697, 40.5101812
-3.6697697, 40.5101812
-3.6697547, 40.5101822
-3.6697547, 40.5101822
-3.66983, 40.51022
-3.66983, 40.51022
-3.6698608, 40.5102114
-3.6698455, 40.5101696
-3.6698608, 40.5102114
-3.6698337, 40.510173
-3.6698337, 40.510173
-3.6697547, 40.5101822
-3.66983, 40.51022
-3.66983, 40.51022
-3.6698608, 40.5102114
-3.6698389, 40.5102044
-3.6697672, 40.5101813
-3.6697672, 40.5101813
-3.6697672, 40.5101813
-3.6698389, 40.5102044
-3.6698389, 40.5102044
-3.6698389, 40.5102044
-3.6697631, 40.5101663
-3.6697631, 40.5101663
-3.6697631, 40.5101663
-3.6697631, 40.5101663
-3.6697631, 40.5101663
-3.6697466, 40.5102131
-3.6697466, 40.5102131
-3.6697466, 40.5102131
-3.6697466, 40.5102131
-3.6697466, 40.5102131
-3.669795, 40.5102006
-3.669795, 40.5102006
-3.669795, 40.5102006
-3.669795, 40.5102006
-3.669795, 40.5102006
-3.669795, 40.5102006
-3.6698005, 40.5101766
-3.6698005, 40.5101766
-3.6698005, 40.5101766
-3.6697708, 40.5101778
-3.6697708, 40.5101778
-3.6697708, 40.5101778
-3.6697708, 40.5101778
-3.6697708, 40.5101778
-3.6697708, 40.5101778
-3.6697727, 40.510158
-3.6698293, 40.5102148
-3.6698293, 40.5102148
-3.6697727, 40.510158
-3.6697727, 40.510158
-3.6697727, 40.510158
-3.6697605, 40.5101434
-3.6698014, 40.5101659
-3.6698014, 40.5101659
-3.6698014, 40.5101659
-3.6698014, 40.5101659
-3.6698257, 40.510215
-3.6697708, 40.5101778
-3.6697583, 40.5101656
-3.6697583, 40.5101656
-3.6697583, 40.5101656
-3.66984, 40.5101724
-3.66984, 40.5101724
-3.66984, 40.5101724
-3.6698252, 40.5102003
-3.6697452, 40.5101693
-3.669833, 40.510175
-3.6697918, 40.5101673
-3.669753, 40.5101955
-3.6697918, 40.5101673
-3.6697452, 40.5101693
-3.6697452, 40.5101693
-3.6697756, 40.5101902
-3.6697452, 40.5101693
-3.6697756, 40.5101902
-3.6697756, 40.5101902
-3.669833, 40.510175
-3.6698252, 40.5102003
-3.669833, 40.510175
-3.6697566, 40.5101842
-3.669753, 40.5101955
-3.669753, 40.5101955
-3.669753, 40.5101955
-3.6697566, 40.5101842
-3.6697566, 40.5101842
-3.6697897, 40.5102018
-3.6697192, 40.5101786
-3.6697192, 40.5101786
-3.6697192, 40.5101786
-3.6697605, 40.510168
-3.6697192, 40.5101786
-3.6697523, 40.5102236
-3.6697523, 40.5102236
-3.6697523, 40.5102236
-3.6697192, 40.5101786
-3.6697523, 40.5102236
-3.6697523, 40.5102236
-3.6697523, 40.5102236
-3.6697523, 40.5102236
-3.6697605, 40.510168
-3.6697605, 40.510168
-3.6697605, 40.510168
-3.6697641, 40.5102068
-3.6697897, 40.5102018
-3.6697641, 40.5102068
-3.6697192, 40.5101786
-3.6697641, 40.5102068
-3.6698254, 40.5102276
-3.6697605, 40.510168
-3.6697652, 40.5101733
-3.6697652, 40.5101733
-3.6697668, 40.5101983
-3.6697539, 40.5101889
-3.6697874, 40.5102218
-3.6697874, 40.5102218
-3.6697793, 40.5101893
-3.6697652, 40.5101733
-3.6697668, 40.5101983
-3.6697668, 40.5101983
-3.6697793, 40.5101893
-3.6697793, 40.5101893
-3.6697793, 40.5101893
-3.6697596, 40.5102297
-3.6698358, 40.5102419
-3.6697989, 40.5101765
-3.6698161, 40.510231
-3.6698358, 40.5102419
-3.6698358, 40.5102419
-3.6697596, 40.5102297
