lon, lat
-3.8463444, 40.3405126
-3.8463546, 40.3405004
-3.8464423, 40.3406431
-3.8463671, 40.3405835
-3.8463711, 40.3405439
-3.8464525, 40.3406527
-3.8464156, 40.3405701
-3.8464443, 40.3406786
-3.8462524, 40.3404381
-3.8462837, 40.3404383
-3.8462615, 40.3404675
-3.8462677, 40.3404758
-3.8462046, 40.3404745
-3.8462465, 40.3404034
-3.8462494, 40.3403832
-3.8462596, 40.3404561
-3.8462594, 40.3404915
-3.8462751, 40.3404925
-3.8462703, 40.3404951
-3.8462694, 40.3405038
-3.4535092, 40.4772205
-3.4534411, 40.4772529
-3.4536851, 40.4772774
-3.4536988, 40.4771993
-3.4537374, 40.4772054
-3.4537632, 40.4772005
-3.4537632, 40.4772005
-3.453762, 40.477222
-3.4480991, 40.4784521
-3.4499923, 40.4650474
-3.4784302, 40.4653431
-3.4891946, 40.4621118
-3.534724, 40.3853372
-3.8520691, 40.3466228
-3.6418896, 40.3338118
-3.8519165, 40.3466154
-3.8518823, 40.3466207
-3.8466128, 40.3404673
-3.8466192, 40.3393523
-3.846603, 40.3393517
-3.846258, 40.3405225
-3.8462699, 40.3405112
-3.4439211, 40.4759526
-3.4503899, 40.475681
-3.4536659, 40.4770657
-3.4487302, 40.4781156
-3.4537404, 40.4772065
-3.4536983, 40.4772287
-3.4536952, 40.4773093
-3.4536535, 40.4770719
-3.4536979, 40.4772496
-3.4536535, 40.4770719
-3.4537374, 40.4772054
-3.7429033, 40.3517273
-3.7429033, 40.3517273
-3.7429533, 40.3516974
-3.7430944, 40.3516171
