lon, lat
-3.6907716, 40.4631047
-3.6924622, 40.463966
-3.6914852, 40.4634467
-3.6906729, 40.462987
-3.7035857, 40.4242608
-3.6930823, 40.4589262
-3.6930823, 40.4589262
-3.6885799, 40.4206377
-3.7195783, 40.4346714
-3.7195783, 40.4346714
-3.6946315, 40.4553915
-3.6230896, 40.437593
-3.6230896, 40.437593
-3.6230936, 40.4375923
-3.6230934, 40.4375932
-3.6230937, 40.4375924
-3.623056, 40.4375811
-3.7094747, 40.4521776
-3.7094779, 40.4521805
-3.6905814, 40.4630281
-3.6783313, 40.4299943
-3.687012, 40.4667267
-3.6251536, 40.438142
-3.6249769, 40.4381739
-3.6530657, 40.4239641
-3.6620717, 40.4233446
-3.6902198, 40.4662236
-3.6971149, 40.4649841
-3.6970817, 40.4650107
-3.6971054, 40.4649746
-3.6971108, 40.4649839
-3.6981554, 40.4592674
-3.6970258, 40.4649742
-3.6970544, 40.4649612
-3.6970785, 40.4649542
-3.6869131, 40.4120925
-3.686915, 40.4120921
-3.6981513, 40.4592674
-3.6994413, 40.4065764
-3.70105, 40.4088529
-3.7010392, 40.4088827
-3.7009597, 40.4088319
-3.7009776, 40.408823
-3.7009786, 40.4088077
-3.7009917, 40.4088467
-3.6997558, 40.4126726
-3.709925, 40.4350384
-3.7120359, 40.4356081
-3.7120125, 40.4356486
-3.7120604, 40.4358195
-3.7120866, 40.4356105
-3.7121003, 40.4356397
-3.7120685, 40.4356145
-3.6970476, 40.4649783
-3.6969866, 40.4649956
