lon, lat
-3.657767, 40.3790944
-3.6578308, 40.3790834
-3.6578462, 40.3791066
-3.65779, 40.3791657
-3.6578546, 40.3790148
-3.6578365, 40.3790815
-3.6578762, 40.3789085
-3.6578393, 40.3790537
-3.6578321, 40.3791214
-3.6578471, 40.3790624
-3.6578515, 40.3790837
-3.6578448, 40.3790851
-3.6578544, 40.3790436
-3.6577868, 40.3791266
-3.6578134, 40.3791524
-3.657825, 40.3791093
-3.657826, 40.3790913
-3.6578771, 40.3789215
-3.6578093, 40.3791767
-3.6577999, 40.3791628
-3.6578347, 40.3791123
-3.6577811, 40.3791749
-3.6578062, 40.3791274
-3.6578195, 40.3792339
-3.6578093, 40.3791001
-3.6578115, 40.3790172
-3.6578455, 40.3790779
-3.6577979, 40.3791725
-3.6578548, 40.3790723
-3.6578742, 40.3788892
-3.6578942, 40.3788742
-3.6578472, 40.3790476
-3.657846, 40.3789991
-3.6578205, 40.3790965
-3.6562585, 40.3736973
-3.6578494, 40.3790949
-3.6578164, 40.3791005
-3.6616969, 40.3883626
-3.6616658, 40.3876459
-3.6578179, 40.3791483
-3.6578958, 40.3789074
-3.70930531, 40.42250614
-3.6578845, 40.3789323
-3.6578821, 40.3789039
-3.6578486, 40.3791466
-3.6578016, 40.3790909
-3.6578082, 40.3790989
-3.657842, 40.3790839
-3.6578183, 40.3791227
-3.6578317, 40.3790743
-3.657856, 40.3790326
-3.6578466, 40.3790671
-3.6578231, 40.3790524
-3.6578752, 40.3788815
-3.6578723, 40.378908
-3.6578213, 40.3790125
-3.6577806, 40.3791494
-3.6578323, 40.3790768
-3.6578508, 40.3789581
-3.6578561, 40.3789369
-3.65783, 40.3791072
-3.6578097, 40.3791061
-3.657848, 40.3788849
-3.6578329, 40.3790441
-3.6578718, 40.3789074
-3.6577817, 40.3791384
-3.6578464, 40.3790553
-3.657854, 40.3790217
-3.6578254, 40.3791225
-3.6578557, 40.3789067
-3.6578711, 40.3789304
-3.6578275, 40.3791173
-3.6577757, 40.3791268
-3.6578116, 40.3790231
-3.6578157, 40.3791924
-3.6577748, 40.3791567
-3.6577976, 40.3791011
-3.6578154, 40.3791013
-3.6578118, 40.379161
-3.6577833, 40.3791836
-3.6578429, 40.3789276
-3.6578589, 40.3788886
-3.6577828, 40.3791437
-3.6577967, 40.3791693
-3.6577874, 40.3791816
-3.70930531, 40.42250614
-3.6578352, 40.3789575
-3.6578352, 40.3789575
-3.6578273, 40.3790756
-3.6578511, 40.3790936
-3.6578289, 40.3790963
-3.6578217, 40.3790473
-3.6578136, 40.3790855
-3.6578078, 40.379181
-3.6578165, 40.3791445
-3.657833, 40.3791455
-3.6578412, 40.3790353
-3.6578128, 40.3790824
-3.6616838, 40.3883549
-3.6616746, 40.3883518
-3.6577977, 40.3790245
-3.6578154, 40.3789088
-3.6578049, 40.3790797
-3.6577977, 40.3790769
-3.6577887, 40.3790521
-3.657809, 40.378909
-3.6578357, 40.3788998
-3.6578056, 40.3790678
-3.6578011, 40.3791293
-3.6578092, 40.3791067
-3.6577821, 40.3790556
-3.6578376, 40.3789673
-3.6578352, 40.3790068
-3.6578341, 40.3790203
-3.6578231, 40.3790166
-3.6577868, 40.3791123
-3.6578264, 40.3788746
-3.6578204, 40.3791111
-3.6578009, 40.3791036
-3.65784, 40.3790396
-3.6578155, 40.3790103
-3.6010648, 40.4245036
-3.6578091, 40.37908
-3.6578091, 40.37908
-3.6577828, 40.3790657
-3.6578228, 40.3790164
-3.657816, 40.3790489
-3.6577919, 40.3790841
-3.6577975, 40.3790398
-3.6578009, 40.3791135
-3.6577869, 40.3790861
-3.6577593, 40.3791616
-3.6631134, 40.3973688
-3.657797, 40.3791042
-3.6577689, 40.3791256
-3.6578062, 40.3790716
-3.6577591, 40.3792604
-3.6577512, 40.379257
-3.6578215, 40.3789023
-3.6642635, 40.3885787
-3.6577698, 40.3791404
-3.657786, 40.3791168
-3.6578218, 40.3790627
-3.6578334, 40.3789867
-3.6577907, 40.3790866
-3.6634455, 40.3894822
-3.6634647, 40.3895103
-3.6577778, 40.3791084
-3.6577633, 40.3791302
-3.6577681, 40.3791427
-3.6577948, 40.3791918
-3.657779, 40.3791477
-3.6578325, 40.3789023
-3.657853, 40.3789149
-3.6578292, 40.3791978
-3.6578778, 40.3790947
-3.6577857, 40.379126
-3.6577752, 40.3790888
-3.6577834, 40.3791949
-3.657771, 40.3790554
-3.6577617, 40.3790795
-3.6578353, 40.3788739
-3.6672474, 40.3972965
-3.6578618, 40.3788911
-3.6578265, 40.3788893
-3.709767, 40.422581
-3.6578494, 40.3788737
-3.6577806, 40.3791444
-3.6577874, 40.3791058
-3.6578218, 40.3790959
-3.6577998, 40.3790258
-3.657771, 40.3791122
-3.6578296, 40.3788781
-3.657826, 40.3789236
-3.6578202, 40.3788908
-3.6577875, 40.3788952
-3.6997836, 40.4010744
-3.7150135, 40.4288979
-3.6921377, 40.4084992
-3.6578001, 40.3790642
-3.6577595, 40.3790445
-3.657773, 40.3789724
-3.6578072, 40.3789855
-3.6577944, 40.3791044
-3.657797, 40.3790898
-3.6578135, 40.3790828
-3.6578602, 40.378906
-3.6578216, 40.3789247
-3.6577955, 40.3793005
-3.7423244, 40.3734256
-3.7380875, 40.3734903
-3.68333, 40.4
-3.6578256, 40.3789323
-3.6577884, 40.3791571
-3.6578353, 40.3789035
-3.6578087, 40.3791396
-3.6578228, 40.3790751
-3.6578021, 40.3790273
-3.6578673, 40.3789153
-3.6578589, 40.3789456
-3.6577927, 40.3790122
-3.6577681, 40.3790901
-3.6578132, 40.3790513
-3.7064587, 40.4188653
-3.6577664, 40.379174
-3.6578704, 40.3789176
-3.6578476, 40.3789205
-3.6578466, 40.3789195
-3.6754523, 40.4836253
-3.5739991, 40.7380337
-3.5739991, 40.7380337
-3.5286222, 40.6391384
-3.5741515, 40.7381085
-3.5741515, 40.7381085
-3.5295703, 40.7499151
-3.25030077, 40.49436977
-3.3645565, 40.679187
-3.3336973, 40.5046756
-3.3336973, 40.5046756
-3.2450063, 40.486223
-3.6578168, 40.3790129
-3.6121495, 40.3692883
-3.6075485, 40.3684072
-3.6643378, 40.3880683
-3.6577953, 40.3790672
-3.6577814, 40.3791347
-3.6578439, 40.378913
-3.6578244, 40.3788812
-3.6577872, 40.379056
-3.6578411, 40.3788958
-3.6578251, 40.3789019
-3.6578278, 40.3788857
-3.6578279, 40.3788842
-3.6578223, 40.3788943
-3.6578171, 40.378895
-3.68333, 40.4
-3.6578219, 40.3788948
-3.657828, 40.378907
-3.657823, 40.3788685
-3.6577979, 40.3790353
-3.6578228, 40.3788927
-3.6578425, 40.3789316
-3.6592105, 40.3798401
-3.6578357, 40.3788912
-3.6878387, 40.3823461
-3.657836, 40.3791028
-3.6578265, 40.3788899
-3.6578412, 40.3789058
-3.6577999, 40.3791372
-3.6576062, 40.3788432
-3.657806, 40.3789793
-3.6577936, 40.3791464
-3.6577987, 40.379044
-3.6578122, 40.3790898
-3.6578474, 40.3789623
-3.6577784, 40.3790738
-3.6577944, 40.3791106
-3.6578224, 40.3789918
-3.6577899, 40.379118
-3.68841, 40.46719108
-3.6577914, 40.379151
-3.6578138, 40.3789159
-3.6578458, 40.3790472
-3.6578469, 40.3789184
-3.65783, 40.3789168
-3.6578315, 40.3788898
-3.6578006, 40.3791565
-3.6578102, 40.3790432
-3.6578206, 40.3790913
-3.6578313, 40.3790751
-3.6578406, 40.3789951
-3.6578259, 40.3791254
-3.6578253, 40.3790082
-3.6578853, 40.3789119
-3.6578721, 40.3789095
-3.6578733, 40.3789115
-3.6578871, 40.3788978
-3.6578194, 40.3790726
-3.6578771, 40.3788768
-3.6578604, 40.379016
-3.6578597, 40.3790284
-3.6578885, 40.3789112
-3.6579072, 40.3789095
-3.6584831, 40.3797133
-3.6578636, 40.379012
-3.6578696, 40.3789891
-3.6578283, 40.3790293
-3.6578298, 40.3790723
-3.6578283, 40.3790458
-3.6578218, 40.3790387
-3.6578193, 40.3790533
-3.6578365, 40.3790697
-3.6578351, 40.3790156
-3.6578772, 40.3789277
-3.6578566, 40.3790102
-3.6578709, 40.3790057
-3.6578142, 40.3791407
-3.6578962, 40.3789263
-3.6578775, 40.378909
-3.6578387, 40.3790511
-3.6578613, 40.3789732
-3.6578605, 40.3790257
-3.6569063, 40.3814882
-3.6531188, 40.3896381
-3.6578739, 40.3789083
-3.65788, 40.3789188
-3.657812, 40.3791877
-3.6578331, 40.3790554
-3.6578225, 40.3791237
-3.6578158, 40.3790821
-3.6578205, 40.3790921
-3.6578224, 40.3790533
-3.6577829, 40.3791035
-3.6579125, 40.3789478
-3.6579066, 40.3789647
-3.6578153, 40.3790937
-3.6578102, 40.3790691
-3.6578879, 40.378936
-3.657917, 40.3789182
-3.6578469, 40.3790726
-3.677215, 40.3928488
-3.657825, 40.3791552
-3.6578116, 40.3791225
-3.6579122, 40.3789131
-3.659764, 40.3805965
-3.6578891, 40.3789619
-3.6616903, 40.3883368
-3.6578593, 40.3789743
-3.6578562, 40.3791069
-3.6578089, 40.3790536
-3.6578639, 40.379032
-3.6532226, 40.389539
-3.6639362, 40.3851768
-3.658488, 40.3796486
-3.6578239, 40.3791395
-3.6578146, 40.3791273
-3.6578045, 40.3790575
-3.6578333, 40.3791002
-3.657881, 40.3789465
-3.6578904, 40.3789496
-3.657878, 40.3789507
-3.657834, 40.3790719
-3.6578274, 40.3790845
-3.6578051, 40.3791374
-3.6578196, 40.3791457
-3.6578473, 40.3790379
-3.657318, 40.3813881
-3.6048544, 40.5581384
-3.5850623, 40.5714813
-3.5147336, 40.6942227
-3.5657578, 40.7370039
-3.5781034, 40.7481348
-3.5781034, 40.7481348
-3.5657578, 40.7370039
-3.5657578, 40.7370039
-3.5298673, 40.7496654
-3.5376085, 40.8263952
-3.5146232, 40.6945781
-3.5146232, 40.6945781
-3.5146232, 40.6945781
-3.657721, 40.3791157
-3.7070039, 40.4157253
-3.6578416, 40.3791381
-3.6578014, 40.3791403
-3.6578073, 40.3790799
-3.6577911, 40.3789839
-3.6684536, 40.3986858
-3.6578015, 40.3790646
-3.6578168, 40.3790525
