lon, lat
-3.60571407, 40.43243967
-3.60620315, 40.43227708
-3.6059226, 40.43240123
-3.6060059, 40.4322954
-3.6963994, 40.3922566
-3.563714, 40.4212257
-3.526094, 40.5002515
-3.6058471, 40.4323705
-3.6059379, 40.4323425
-3.6061129, 40.4322857
-3.6060332, 40.4323241
-3.606102, 40.4322889
-3.6060962, 40.4322851
-3.6061289, 40.4322836
-3.6059751, 40.4323403
-3.6061187, 40.4322698
-3.6060998, 40.4322755
-3.60607, 40.4322957
-3.6060234, 40.4322849
-3.6060257, 40.4323475
-3.60569, 40.432423
-3.6056503, 40.4324543
-3.6059179, 40.4323679
-3.6059322, 40.4323554
-3.6059295, 40.4323542
-3.6060987, 40.4322709
-3.6060774, 40.4322858
-3.6059433, 40.4323707
-3.6060534, 40.4323227
-3.6060753, 40.4322845
-3.6060812, 40.4322867
-3.605905, 40.4323809
-3.605946, 40.4323413
-3.6060208, 40.4323475
-3.6059694, 40.4323426
-3.6060053, 40.4323405
-3.6059524, 40.4323245
-3.6059732, 40.43232
-3.6057258, 40.4324112
-3.606124, 40.4322971
-3.6060742, 40.4322888
-3.6060027, 40.4323443
-3.8863728, 40.5211157
-4.5832401, 40.9209813
-4.5838851, 40.902363
-4.5942064, 40.9416521
-4.5833826, 40.9208529
-4.6067881, 40.9458752
-4.6045296, 40.9500593
-4.5942064, 40.9416521
-4.6413221, 40.7991237
-4.5832401, 40.9209813
-3.6070048, 40.4321679
-3.6056204, 40.432495
-3.6060074, 40.4322951
-3.6059636, 40.4323219
-3.6056391, 40.4324597
-3.6059812, 40.4323535
-3.6059928, 40.432343
-3.6060673, 40.4323185
-3.6061031, 40.4322742
-3.6060572, 40.4322677
-3.6059748, 40.4323328
-3.6060801, 40.4322863
-3.6060637, 40.4322837
-3.6056708, 40.4324241
-3.6058368, 40.4324121
-3.6060807, 40.4322937
-3.6060935, 40.4323111
-3.6060347, 40.4323234
-3.6060263, 40.4323303
-3.6223994, 40.3892602
-3.599978, 40.397385
-3.6048439, 40.4368089
-3.6060048, 40.4323487
-3.6059691, 40.4323519
-3.6056323, 40.4324926
-3.6060505, 40.4323119
-3.6228884, 40.3828026
-3.6228884, 40.3828026
-3.6133905, 40.3878727
-3.6059595, 40.4323637
-3.6060079, 40.4323492
-3.6058394, 40.4323612
-3.6056028, 40.4324776
-3.6055979, 40.4324918
-3.6057558, 40.4323985
-3.605838, 40.432363
-3.6059284, 40.4323472
-3.6059275, 40.4323324
-3.610858, 40.43217
-3.610858, 40.43217
-3.6523433, 40.425146
-3.6615317, 40.4207216
-3.6599474, 40.4198175
-3.6773777, 40.4221282
-3.6843515, 40.4206346
-3.7005217, 40.42489
-3.6922774, 40.4194283
-3.7141595, 40.4330396
-3.7141595, 40.4330396
-3.6023118, 40.4321179
-3.605582, 40.4324937
-3.6060338, 40.4323282
-3.6060618, 40.4322879
-3.610858, 40.43217
-3.610858, 40.43217
-3.6056617, 40.4324887
-3.6058271, 40.4323915
-3.6055896, 40.4324986
-3.6060459, 40.4322625
-3.6060823, 40.432288
-3.6060899, 40.4322869
-3.6059812, 40.4323131
-3.6057653, 40.4324302
-3.6055031, 40.4325745
-3.6059228, 40.4323184
-3.6055792, 40.4324779
-3.6056086, 40.4324576
-3.6061834, 40.4322512
-3.6056232, 40.4325011
-3.6023118, 40.4317999
-3.6133905, 40.3875545
-3.605924, 40.432346
-3.6060237, 40.4322949
-3.6055711, 40.4324949
-3.610858, 40.431852
-3.610858, 40.431852
-3.610858, 40.431852
-3.610858, 40.431852
-3.610858, 40.431852
-3.6055522, 40.4324929
-3.6057524, 40.4323944
-3.6057953, 40.4323445
-3.605861, 40.4323556
-3.6057671, 40.4323889
-3.6055612, 40.4324926
-3.6058845, 40.4323415
-3.6058512, 40.4323616
-3.605901, 40.4323057
-3.6057657, 40.4323999
-3.6059149, 40.4323189
-3.6056333, 40.4325082
-3.6058084, 40.4323781
-3.6056366, 40.4324833
-3.6056318, 40.4325007
-3.6055079, 40.432511
-3.6055893, 40.4324978
-3.6057069, 40.4324202
-3.6058565, 40.4323586
-3.6059516, 40.4323203
-3.6058238, 40.4323605
-3.6060206, 40.432317
-3.6059376, 40.4323314
-3.6059838, 40.4323016
-3.6060986, 40.4322924
-3.610858, 40.432488
-3.6055493, 40.4324769
-3.6055653, 40.4324985
-3.6055876, 40.4325023
-3.6058913, 40.4323425
-3.605831, 40.4323801
-3.6059331, 40.4323699
-3.6336548, 40.3891488
-3.6336548, 40.3891488
-3.6055924, 40.4324621
-3.6023118, 40.4321179
-3.610858, 40.432488
-3.610858, 40.432488
-3.610858, 40.432488
-3.6059155, 40.4323205
-3.6023118, 40.4317999
-3.610858, 40.432488
-3.610858, 40.432488
-3.610858, 40.432488
-3.610858, 40.432488
-3.6048439, 40.4304492
-4.1374625, 40.7025691
-4.4000461, 40.7750806
-4.6742627, 41.471033
-4.7814558, 41.6161468
-4.7814562, 41.6161466
-4.7814562, 41.6161472
-4.7814521, 41.6161478
-4.7815758, 41.6161576
-4.7814562, 41.6161472
-4.7815496, 41.6161572
-4.781295, 41.6189883
-4.746996, 41.6368946
-4.7359989, 41.6410797
-4.7369693, 41.6410398
-4.7654372, 41.6224458
-4.781295, 41.6189883
-4.781455, 41.6161466
-4.7815609, 41.6161545
-4.781574, 41.6161571
-4.7815071, 41.616155
-4.7815239, 41.6161552
-4.7815241, 41.6161551
-4.7814562, 41.6161466
-4.7814521, 41.6161478
-4.7815668, 41.6161557
-4.7815224, 41.6161571
-4.7814562, 41.6161466
-4.7814562, 41.6161472
-4.7815247, 41.6161569
-4.781512, 41.6161552
-4.7814562, 41.6161472
-4.7814543, 41.6161479
-4.7814564, 41.6161485
-4.7359989, 41.6410797
-4.730178, 41.6385199
-4.7369693, 41.6363745
-4.7369693, 41.6363745
-4.746996, 41.6368946
-4.7334118, 41.6480279
-4.7334118, 41.6480279
-4.7334118, 41.6480279
-4.7330884, 41.6474192
-4.7330884, 41.6474192
-4.7330884, 41.6474192
-4.7334118, 41.6480279
-4.7330884, 41.6474192
-4.7334118, 41.6480279
-4.7334118, 41.6480279
-4.7330884, 41.6474192
-4.7369693, 41.6354414
-4.7369693, 41.6354414
-4.747643, 41.6325134
-4.7814558, 41.6161468
-4.7815071, 41.6161549
-4.7815111, 41.6161569
-4.7814521, 41.6161478
-4.7815589, 41.6161574
-4.781455, 41.6161466
-4.7814545, 41.6161465
-4.7356756, 41.6457579
-4.7602601, 41.6276375
-4.781456, 41.6161476
-4.7815557, 41.6161547
-4.7815638, 41.616155
